1 2005 03 08 2
2 2005 03 09 0
3 2005 03 09 1
4 2005 03 14 86
5 2005 03 16 139
6 2005 03 16 81
7 2005 10 11 0
8 2004 04 12 0
9 2004 04 12 0
10 2004 04 12 8282
11 2004 04 12 0
12 2004 04 12 0
13 2004 04 12 0
14 2004 04 12 1
15 2004 04 13 0
16 2004 04 13 0
17 2004 04 18 14
18 2004 04 18 0
19 2004 04 19 111
20 2004 04 19 15
21 2004 04 19 120
22 2004 04 19 308
23 2004 04 19 8595
24 2004 04 19 59
25 2004 04 19 103
26 2004 04 20 38
27 2004 04 20 21
28 2004 04 20 170
29 2004 04 20 0
30 2004 04 20 0
31 2004 04 20 0
32 2004 04 20 0
33 2004 04 20 21
34 2004 04 20 14
35 2004 04 20 51
36 2004 04 20 77
37 2004 04 20 23
38 2004 04 20 207
39 2004 04 22 76
40 2004 04 22 782
41 2004 04 22 13
42 2004 04 22 17
43 2004 04 22 69
44 2004 04 22 0
45 2004 04 22 71
46 2004 04 22 69
47 2004 04 23 1077
48 2004 04 23 1704
49 2004 04 23 57
50 2004 04 23 9
51 2004 04 24 113
52 2004 04 24 55
53 2004 04 24 77
54 2004 04 24 282
55 2004 04 24 56
56 2004 04 25 20
57 2004 04 25 175
58 2004 04 25 5
59 2004 04 25 184
60 2004 04 25 348
61 2004 04 26 14
62 2004 04 26 32
63 2004 04 26 1
64 2004 04 27 0
65 2004 04 27 42
66 2004 04 27 0
67 2004 04 28 296
68 2004 04 28 190
69 2004 04 28 56
70 2004 04 28 0
71 2004 04 28 78
72 2004 04 29 6
73 2004 04 29 23
74 2004 04 29 142
75 2004 04 30 168
76 2004 04 30 2
77 2004 05 06 422
78 2004 05 07 0
79 2004 05 08 0
80 2004 05 08 0
81 2004 05 08 0
82 2004 05 08 0
83 2004 05 08 0
84 2004 05 08 0
85 2004 05 08 0
86 2004 05 08 0
87 2004 05 08 0
88 2004 05 08 0
89 2004 05 08 0
90 2004 05 08 0
91 2004 05 09 0
92 2004 05 09 0
93 2004 05 09 0
94 2004 05 09 0
95 2004 05 09 0
96 2004 05 09 0
97 2004 05 10 0
98 2004 05 10 0
99 2004 05 10 0
100 2004 05 10 0
101 2004 05 10 0
102 2004 05 10 0
103 2004 05 10 0
104 2004 05 10 0
105 2004 05 12 0
106 2004 05 12 10
107 2004 05 12 0
108 2004 05 12 0
109 2004 05 12 0
110 2004 05 12 0
111 2004 05 12 0
112 2004 05 13 0
113 2004 05 13 21
114 2004 05 13 0
115 2004 05 13 0
116 2004 05 13 0
117 2004 05 13 0
118 2004 05 13 0
119 2004 05 14 0
120 2004 05 14 0
121 2004 05 14 0
122 2004 05 14 0
123 2004 05 14 0
124 2004 05 14 0
125 2004 05 14 0
126 2004 05 14 0
127 2004 05 14 0
128 2004 05 15 0
129 2004 05 15 0
130 2004 05 15 0
131 2004 05 15 0
132 2004 05 15 0
133 2004 05 15 0
134 2004 05 15 0
135 2004 05 15 0
136 2004 05 15 0
137 2004 05 15 0
138 2004 05 15 0
139 2004 05 15 0
140 2004 05 15 0
141 2004 05 15 0
142 2004 05 15 0
143 2004 05 15 0
144 2004 05 15 0
145 2004 05 15 0
146 2004 05 16 0
147 2004 05 16 0
148 2004 05 16 0
149 2004 05 16 0
150 2004 05 16 0
151 2004 05 16 0
152 2004 05 16 0
153 2004 05 16 0
154 2004 05 16 0
155 2004 05 16 0
156 2004 05 16 0
157 2004 05 16 0
158 2004 05 16 0
159 2004 05 16 0
160 2004 05 16 0
161 2004 05 17 0
162 2004 05 17 0
163 2004 05 17 0
164 2004 05 17 0
165 2004 05 17 0
166 2004 05 17 0
167 2004 05 17 0
168 2004 05 17 0
169 2004 05 17 0
170 2004 05 17 0
171 2004 05 17 0
172 2004 05 17 0
173 2004 05 17 0
174 2004 05 21 93
175 2004 05 21 210
176 2004 05 22 150
177 2004 05 23 201
178 2004 05 24 54
179 2004 05 24 5
180 2004 05 24 133
181 2004 05 24 67
182 2004 05 25 190
183 2004 05 25 88
184 2004 05 25 423
185 2004 05 25 0
186 2004 05 25 0
187 2004 05 25 0
188 2004 05 25 240
189 2004 05 25 0
190 2004 05 25 0
191 2004 05 25 0
192 2004 05 26 0
193 2004 05 26 0
194 2004 05 26 2
195 2004 05 26 293
196 2004 05 26 175
197 2004 05 27 49
198 2004 05 27 35
199 2004 05 27 99
200 2004 05 27 61
201 2004 05 27 371
202 2004 05 27 15
203 2004 05 28 0
204 2004 05 29 0
205 2004 05 30 0
206 2004 05 30 0
207 2004 05 30 0
208 2004 05 31 0
209 2004 05 31 0
210 2004 05 31 0
211 2004 05 31 0
212 2004 05 31 0
213 2004 05 31 0
214 2004 06 01 0
215 2004 06 01 0
216 2004 06 01 0
217 2004 06 01 0
218 2004 06 01 0
219 2004 06 01 0
220 2004 06 02 0
221 2004 06 02 0
222 2004 06 02 142
223 2004 06 02 37
224 2004 06 02 264
225 2004 06 02 0
226 2004 06 02 0
227 2004 06 02 72
228 2004 06 02 70
229 2004 06 03 311
230 2004 06 03 66
231 2004 06 03 164
232 2004 06 03 55
233 2004 06 06 243
234 2004 06 07 101
235 2004 06 08 110
236 2004 06 08 2
237 2004 06 08 110
238 2004 06 09 182
239 2004 06 09 23
240 2004 06 09 189
241 2004 06 09 81
242 2004 06 09 186
243 2004 06 10 60
244 2004 06 10 6
245 2004 06 12 672
246 2004 06 12 11
247 2004 06 13 11
248 2004 06 13 223
249 2004 06 13 80
250 2004 06 14 37
251 2004 06 14 16
252 2004 06 15 2
253 2004 06 15 70
254 2004 06 15 11
255 2004 06 15 8
256 2004 06 15 74
257 2004 06 16 54
258 2004 06 16 8
259 2004 06 16 88
260 2004 06 16 92
261 2004 06 16 40
262 2004 06 16 0
263 2004 06 16 178
264 2004 06 16 54
265 2004 06 17 201
266 2004 06 17 244
267 2004 06 18 79
268 2004 06 19 224
269 2004 06 21 15
270 2004 06 21 156
271 2004 06 21 31
272 2004 06 22 241
273 2004 06 22 10
274 2004 06 22 0
275 2004 06 23 0
276 2004 06 23 0
277 2004 06 24 2
278 2004 06 24 84
279 2004 06 25 13
280 2004 06 25 1737
281 2004 06 25 171
282 2004 06 25 2
283 2004 06 28 283
284 2004 06 28 199
285 2004 06 28 135
286 2004 06 28 54
287 2004 06 29 19
288 2004 07 02 331
289 2004 07 02 47
290 2004 07 03 33
291 2004 07 03 27
292 2004 07 04 0
293 2004 07 04 0
294 2004 07 04 0
295 2004 07 04 0
296 2004 07 05 0
297 2004 07 06 0
298 2004 07 07 0
299 2004 07 07 0
300 2004 07 07 0
301 2004 07 07 0
302 2004 07 07 0
303 2004 07 07 0
304 2004 07 07 0
305 2004 07 07 12
306 2004 07 07 269
307 2004 07 07 16
308 2004 07 07 3
309 2004 07 07 10
310 2004 07 07 50
311 2004 07 07 5
312 2004 07 07 78
313 2004 07 08 11
314 2004 07 08 356
315 2004 07 08 56
316 2004 07 08 133
317 2004 07 08 0
318 2004 07 08 63
319 2004 07 13 218
320 2004 07 21 29
321 2004 07 21 54
322 2004 07 22 34
323 2004 07 26 37
324 2004 07 26 914
325 2004 07 27 122
326 2004 07 27 206
327 2004 07 27 126
328 2004 07 28 30
329 2004 07 28 5
330 2004 07 28 0
331 2004 07 28 194
332 2004 07 28 16
333 2004 07 28 63
334 2004 07 28 116
335 2004 07 29 230
336 2004 07 30 30
337 2004 07 30 27
338 2004 07 30 109
339 2004 07 31 16
340 2004 08 01 72
341 2004 08 03 20
342 2004 08 03 6
343 2004 08 03 101
344 2004 08 04 69
345 2004 08 04 47
346 2004 08 05 71
347 2004 08 06 840
348 2004 08 06 37
349 2004 08 06 81
350 2004 08 06 64
351 2004 08 09 67
352 2004 08 10 47
353 2004 08 10 45
354 2004 08 10 220
355 2004 08 10 2
356 2004 08 11 80
357 2004 08 11 41
358 2004 08 11 0
359 2004 08 11 0
360 2004 08 11 9
361 2004 08 12 4
362 2004 08 13 105
363 2004 08 13 9
364 2004 08 13 7
365 2004 08 14 57
366 2004 08 14 0
367 2004 08 14 0
368 2004 08 15 0
369 2004 08 17 58
370 2004 08 17 0
371 2004 08 19 0
372 2004 08 20 0
373 2004 08 20 112
374 2004 08 20 74
375 2004 08 20 96
376 2004 08 25 0
377 2004 08 27 0
378 2004 08 31 0
379 2004 09 02 122
380 2004 09 03 17
381 2004 09 05 118
382 2004 09 05 236
383 2004 09 05 9
384 2004 09 05 8
385 2004 09 07 104
386 2004 09 07 535
387 2004 09 07 6
388 2004 09 09 19
389 2004 09 21 4
390 2004 09 21 3
391 2004 09 21 18
392 2004 09 22 16
393 2004 09 24 41
394 2004 09 27 216
395 2004 09 29 21
396 2004 09 29 96
397 2004 09 29 9
398 2004 09 29 1
399 2004 10 01 1
400 2004 10 02 18
401 2004 10 02 34
402 2004 10 02 31
403 2004 10 04 87
404 2004 10 04 72
405 2004 10 04 1278
406 2004 10 04 63
407 2004 10 06 4
408 2004 10 06 83
409 2004 10 06 259
410 2004 10 06 6
411 2004 10 06 133
412 2004 10 06 147
413 2004 10 07 60
414 2004 10 07 51
415 2004 10 09 64
416 2004 10 09 121
417 2004 10 09 65
418 2004 10 10 17
419 2004 10 10 33
420 2004 10 10 20
421 2004 10 11 69
422 2004 10 11 75
423 2004 10 15 171
424 2004 10 16 13
425 2004 10 17 108
426 2004 10 17 60
427 2004 10 18 175
428 2004 10 18 145
429 2004 10 19 67
430 2004 10 20 8
431 2004 10 20 36
432 2004 10 21 94
433 2004 10 22 175
434 2004 10 22 136
435 2004 10 23 52
436 2004 10 23 0
437 2004 10 23 59
438 2004 10 23 0
439 2004 10 24 249
440 2004 10 24 80
441 2004 10 24 48
442 2004 10 25 143
443 2004 10 28 52
444 2004 10 28 200
445 2004 10 29 70
446 2004 10 29 46
447 2004 10 29 25
448 2004 10 30 105
449 2004 10 30 0
450 2004 10 31 76
451 2004 10 31 5
452 2004 11 01 378
453 2004 11 01 13
454 2004 11 02 0
455 2004 11 02 0
456 2004 11 02 0
457 2004 11 03 0
458 2004 11 03 0
459 2004 11 05 54
460 2004 11 05 50
461 2004 11 07 0
462 2004 11 08 136
463 2004 11 08 4
464 2004 11 08 0
465 2004 11 10 0
466 2004 11 10 0
467 2004 11 10 39
468 2004 11 10 177
469 2004 11 10 187
470 2004 11 10 0
471 2004 11 11 0
472 2004 11 11 0
473 2004 11 11 0
474 2004 11 11 0
475 2004 11 12 0
476 2004 11 12 0
477 2004 11 12 0
478 2004 11 12 0
479 2004 11 12 0
480 2004 11 12 0
481 2004 11 12 0
482 2004 11 12 0
483 2004 11 12 0
484 2004 11 12 31
485 2004 11 12 0
486 2004 11 12 0
487 2004 11 13 0
488 2004 11 13 120
489 2004 11 14 0
490 2004 11 14 0
491 2004 11 14 0
492 2004 11 14 0
493 2004 11 15 0
494 2004 11 15 65
495 2004 11 15 0
496 2004 11 15 0
497 2004 11 16 0
498 2004 11 16 0
499 2004 11 16 0
500 2004 11 16 0
501 2004 11 17 0
502 2004 11 17 0
503 2004 11 18 0
504 2004 11 18 0
505 2004 11 18 0
506 2004 11 18 0
507 2004 11 18 0
508 2004 11 19 300
509 2004 11 19 0
510 2004 11 19 0
511 2004 11 19 0
512 2004 11 19 0
513 2004 11 19 0
514 2004 11 19 0
515 2004 11 19 0
516 2004 11 19 0
517 2004 11 19 0
518 2004 11 19 0
519 2004 11 19 0
520 2004 11 20 0
521 2004 11 20 0
522 2004 11 24 0
523 2004 12 01 141
524 2004 12 03 0
525 2004 12 04 9
526 2004 12 05 152
527 2004 12 07 0
528 2004 12 07 0
529 2004 12 08 0
530 2004 12 08 248
531 2004 12 08 0
532 2004 12 08 0
533 2004 12 08 0
534 2004 12 08 0
535 2004 12 08 2
536 2004 12 08 812
537 2004 12 08 1
538 2004 12 08 4
539 2004 12 10 0
540 2004 12 11 0
541 2004 12 12 265
542 2004 12 12 0
543 2004 12 12 0
544 2004 12 12 0
545 2004 12 12 0
546 2004 12 12 0
547 2004 12 12 0
548 2004 12 13 0
549 2004 12 14 21
550 2004 12 15 0
551 2004 12 15 0
552 2004 12 16 0
553 2004 12 18 0
554 2005 01 07 0
555 2005 01 08 0
556 2005 01 08 0
557 2005 01 09 0
558 2005 01 09 0
559 2005 01 09 0
560 2005 01 09 0
561 2005 01 10 0
562 2005 01 10 0
563 2005 01 10 0
564 2005 01 10 0
565 2005 01 11 624
566 2005 01 11 65
567 2005 01 12 155
568 2005 01 12 299
569 2005 01 12 90
570 2005 01 12 209
571 2005 01 13 119
572 2005 01 13 44
573 2005 01 13 28
574 2005 01 14 0
575 2005 01 14 0
576 2005 01 14 0
577 2005 01 14 0
578 2005 01 14 0
579 2005 01 14 14
580 2005 01 15 0
581 2005 01 16 0
582 2005 01 17 0
583 2005 01 18 0
584 2005 01 18 0
585 2005 01 18 0
586 2005 01 18 0
587 2005 01 18 0
588 2005 01 18 0
589 2005 01 18 0
590 2005 01 18 0
591 2005 01 19 0
592 2005 01 19 0
593 2005 01 19 0
594 2005 01 20 0
595 2005 01 20 0
596 2005 01 20 0
597 2005 01 20 0
598 2005 01 20 0
599 2005 01 20 0
600 2005 01 20 0
601 2005 01 20 0
602 2005 01 20 0
603 2005 01 20 0
604 2005 01 20 0
605 2005 01 20 0
606 2005 01 20 0
607 2005 01 20 0
608 2005 01 20 0
609 2005 01 20 0
610 2005 01 20 0
611 2005 01 20 0
612 2005 01 20 0
613 2005 01 20 0
614 2005 01 20 0
615 2005 01 20 0
616 2005 01 20 0
617 2005 01 20 0
618 2005 01 20 0
619 2005 01 20 0
620 2005 01 20 0
621 2005 01 21 0
622 2005 01 21 0
623 2005 01 21 0
624 2005 01 26 12
625 2005 01 26 41
626 2005 01 27 41
627 2005 01 27 0
628 2005 01 27 0
629 2005 01 27 0
630 2005 01 28 0
631 2005 01 28 0
632 2005 01 28 0
633 2005 01 28 0
634 2005 01 28 0
635 2005 01 28 0
636 2005 01 28 0
637 2005 01 28 0
638 2005 01 28 0
639 2005 01 30 43
640 2005 01 31 0
641 2005 01 31 0
642 2005 01 31 0
643 2005 01 31 0
644 2005 01 31 0
645 2005 02 02 13
646 2005 02 04 0
647 2005 02 06 23
648 2005 02 08 2
649 2005 02 08 3
650 2005 02 08 0
651 2005 02 09 0
652 2005 02 09 0
653 2005 02 10 173
654 2005 02 10 7
655 2005 02 11 0
656 2005 02 11 0
657 2005 02 11 0
658 2005 02 11 0
659 2005 02 11 0
660 2005 02 13 0
661 2005 02 13 0
662 2005 02 13 0
663 2005 02 13 0
664 2005 02 14 304
665 2005 02 14 9
666 2005 02 14 31
667 2005 02 14 18
668 2005 02 14 0
669 2005 02 15 43
670 2005 02 15 37
671 2005 02 15 11
672 2005 02 16 112
673 2005 02 17 0
674 2005 02 17 0
675 2005 02 17 0
676 2005 02 17 0
677 2005 02 18 0
678 2005 02 18 0
679 2005 02 18 0
680 2005 02 18 0
681 2005 02 18 0
682 2005 02 18 0
683 2005 02 18 0
684 2005 02 18 0
685 2005 02 18 0
686 2005 02 18 0
687 2005 02 22 0
688 2005 02 22 0
689 2005 02 22 0
690 2005 02 22 0
691 2005 02 22 0
692 2005 02 22 0
693 2005 02 22 0
694 2005 02 22 0
695 2005 02 22 0
696 2005 02 22 0
697 2005 02 22 0
698 2005 02 22 0
699 2005 02 22 0
700 2005 02 22 0
701 2005 02 22 0
702 2005 02 22 0
703 2005 02 22 0
704 2005 02 22 0
705 2005 02 22 0
706 2005 02 22 0
707 2005 02 22 0
708 2005 02 22 0
709 2005 02 22 0
710 2005 02 22 0
711 2005 02 22 0
712 2005 02 22 0
713 2005 02 22 0
714 2005 02 22 0
715 2005 02 22 0
716 2005 02 22 0
717 2005 02 22 0
718 2005 02 22 0
719 2005 02 22 0
720 2005 02 22 0
721 2005 02 22 0
722 2005 02 22 0
723 2005 02 22 0
724 2005 02 22 0
725 2005 02 24 12
726 2005 02 24 200
727 2005 02 24 26
728 2005 02 24 68
729 2005 02 24 0
730 2005 02 24 151
731 2005 02 24 5
732 2005 02 24 8
733 2005 02 24 8
734 2005 02 24 12
735 2005 02 24 126
736 2005 02 24 12
737 2005 02 24 688
738 2005 02 24 5
739 2005 02 24 45
740 2005 02 24 5
741 2005 02 25 18
742 2005 02 25 52
743 2005 02 25 0
744 2005 02 25 131
745 2005 02 25 249
746 2005 02 25 80
747 2005 02 25 15
748 2005 02 25 116
749 2005 02 25 144
750 2005 02 25 146
751 2005 02 25 36
752 2005 02 25 122
753 2005 02 25 256
754 2005 02 25 43
755 2005 02 25 231
756 2005 02 25 21
757 2005 02 25 46
758 2005 02 25 56
759 2005 02 26 4191
760 2005 02 28 91
761 2005 02 28 24
762 2005 03 01 10
763 2005 03 01 762
764 2005 03 01 274
765 2005 03 01 77
766 2005 03 03 188
767 2005 03 03 20
768 2005 03 03 97
769 2005 03 03 122
770 2005 03 03 77
771 2005 03 04 215
772 2005 03 05 11
773 2005 03 08 128
774 2005 03 08 2
775 2005 03 08 37
776 2005 03 08 1
777 2005 03 08 0
778 2005 03 08 4862
779 2005 03 10 57
780 2005 03 11 28
781 2005 03 11 97
782 2005 03 11 120
783 2005 03 12 228
784 2005 03 12 205
785 2005 03 12 17
786 2005 03 13 295
787 2005 03 13 68
788 2005 03 15 231
789 2005 03 15 67
790 2005 03 17 311
791 2005 03 18 7
792 2005 03 18 75
793 2005 03 19 88
794 2005 03 20 133
795 2005 03 22 19
796 2005 03 22 659
797 2005 03 22 96
798 2005 03 22 46
799 2005 03 24 399
800 2005 03 25 103
801 2005 03 25 47
802 2005 03 26 211
803 2005 03 26 39
804 2005 03 27 227
805 2005 03 28 224
806 2005 03 28 11
807 2005 03 28 73
808 2005 03 28 135
809 2005 03 28 197
810 2005 03 28 158
811 2005 03 29 136
812 2005 03 30 122
813 2005 03 30 55
814 2005 03 30 69
815 2005 04 02 41
816 2005 04 02 15
817 2005 04 02 164
818 2005 04 04 22
819 2005 04 04 45
820 2005 04 05 4
821 2005 04 05 31
822 2005 04 06 178
823 2005 04 06 196
824 2005 04 07 3
825 2005 04 07 18
826 2005 04 08 481
827 2005 04 10 3
828 2005 04 10 185
829 2005 04 10 372
830 2005 04 12 84
831 2005 04 13 214
832 2005 04 15 0
833 2005 04 15 0
834 2005 04 15 0
835 2005 04 15 0
836 2005 04 15 0
837 2005 04 15 0
838 2005 04 15 0
839 2005 04 15 0
840 2005 04 15 0
841 2005 04 15 0
842 2005 04 15 0
843 2005 04 15 0
844 2005 04 15 0
845 2005 04 15 0
846 2005 04 18 32
847 2005 04 18 91
848 2005 04 20 3
849 2005 04 20 9
850 2005 04 20 29
851 2005 04 22 70
852 2005 04 22 2124
853 2005 04 22 0
854 2005 04 22 0
855 2005 05 01 322
856 2005 05 03 29
857 2005 05 04 63
858 2005 05 04 9
859 2005 05 05 130
860 2005 05 05 106
861 2005 05 05 241
862 2005 05 05 57
863 2005 05 06 151
864 2005 05 06 9
865 2005 05 07 57
866 2005 05 07 74
867 2005 05 08 306
868 2005 05 08 38
869 2005 05 08 55
870 2005 05 09 289
871 2005 05 09 324
872 2005 05 09 35
873 2005 05 09 17
874 2005 05 10 0
875 2005 05 11 0
876 2005 05 11 98
877 2005 05 28 165
878 2005 05 28 1
879 2005 05 29 310
880 2005 05 29 196
881 2005 05 29 116
882 2005 05 30 161
883 2005 05 31 997
884 2005 05 31 14
885 2005 05 31 213
886 2005 06 02 0
887 2005 06 20 2
888 2005 09 09 309
889 2005 09 22 5
890 2005 09 22 93
891 2005 09 24 42
892 2005 09 24 83
893 2005 09 24 38
894 2005 09 25 66
895 2005 09 25 47
896 2005 09 26 109
897 2005 09 26 298
898 2005 09 26 186
899 2005 09 26 48
900 2005 09 26 211
901 2005 09 27 87
902 2005 09 27 26
903 2005 09 27 52
904 2005 09 27 52
905 2005 09 27 133
906 2005 09 27 280
907 2005 09 28 41
908 2005 09 29 4
909 2005 09 29 67
910 2005 09 29 159
911 2005 09 29 87
912 2005 09 30 40
913 2005 09 30 2
914 2005 10 02 56
915 2005 10 02 120
916 2005 10 02 25
917 2005 10 03 226
918 2005 10 03 2
919 2005 10 03 10
920 2005 10 03 124
921 2005 10 03 116
922 2005 10 03 31
923 2005 10 03 3
924 2005 10 03 164
925 2005 10 04 177
926 2005 10 05 93
927 2005 10 05 108
928 2005 10 07 317
929 2005 10 07 34
930 2005 10 07 101
931 2005 10 09 45
932 2005 10 10 303
933 2005 10 10 57
934 2005 10 11 164
935 2005 10 11 49
936 2005 10 11 319
937 2005 10 11 2
938 2005 10 11 0
939 2005 10 11 50132
940 2005 10 11 62
941 2005 10 13 127
942 2005 10 13 168
943 2005 10 14 127
944 2005 10 14 8
945 2005 10 14 186
946 2005 10 15 12
947 2005 10 15 15
948 2005 10 17 248
949 2005 10 18 500
950 2005 10 18 32
951 2005 10 18 93
952 2005 10 18 100
953 2005 10 18 193
954 2005 10 19 87
955 2005 10 19 29
956 2005 10 20 280
957 2005 10 20 2
958 2005 10 20 13
959 2005 10 20 33
960 2005 10 20 2
961 2005 10 20 244
962 2005 10 20 17
963 2005 10 21 375
964 2005 10 21 147
965 2005 10 21 112
966 2005 10 21 122
967 2005 10 21 2
968 2005 10 21 0
969 2005 10 22 102
970 2005 10 23 22
971 2005 10 24 113
972 2005 10 24 1833
973 2005 10 24 79
974 2005 10 24 87
975 2005 10 24 8
976 2005 10 24 156
977 2005 10 25 325
978 2005 10 25 32
979 2005 10 26 148
980 2005 10 26 53
981 2005 10 26 328
982 2005 10 27 650
983 2005 10 28 46
984 2005 10 28 8
985 2005 10 28 68
986 2005 10 29 89
987 2005 10 29 54
988 2005 10 31 530
989 2005 11 01 655
990 2005 11 02 600
991 2005 11 02 65
992 2005 11 03 242
993 2005 11 03 193
994 2005 11 03 97
995 2005 11 03 43
996 2005 11 07 715
997 2005 11 07 221
998 2005 11 08 67
999 2005 11 08 1228
1000 2005 11 08 41
1001 2005 11 09 134
1002 2005 11 09 1
1003 2005 11 09 241
1004 2005 11 10 542
1005 2005 11 11 509
1006 2005 11 12 1
1007 2005 11 13 17
1008 2005 11 14 1105
1009 2005 11 14 56
1010 2005 11 14 256
1011 2005 11 14 5517
1012 2005 11 14 2705
1013 2005 11 14 9
1014 2005 11 14 5
1015 2005 11 14 2
1016 2005 11 14 2
1017 2005 11 15 294
1018 2005 11 15 0
1019 2005 11 15 8
1020 2005 11 16 3
1021 2005 11 16 35
1022 2005 11 16 92
1023 2005 11 18 361
1024 2005 11 19 44
1025 2005 11 19 3
1026 2005 11 19 297
1027 2005 11 19 2
1028 2005 11 20 970
1029 2005 11 20 61
1030 2005 11 20 37
1031 2005 11 20 321
1032 2005 11 21 1997
1033 2005 11 22 272
1034 2005 11 22 27
1035 2005 11 22 51436
1036 2005 11 23 616
1037 2005 11 23 77
1038 2005 11 26 641
1039 2005 11 27 644
1040 2005 11 27 13
1041 2005 11 28 843
1042 2005 11 29 292
1043 2005 11 29 180
1044 2005 12 01 8068
1045 2005 12 01 57
1046 2005 12 01 1056
1047 2005 12 02 460
1048 2005 12 02 55
1049 2005 12 02 2
1050 2005 12 02 2
1051 2005 12 02 3
1052 2005 12 02 4
1053 2005 12 05 364
1054 2005 12 08 881
1055 2005 12 08 20
1056 2005 12 08 351
1057 2005 12 08 138
1058 2005 12 09 31
1059 2005 12 09 29
1060 2005 12 11 155
1061 2005 12 12 3
1062 2005 12 19 200
1063 2005 12 19 116
1064 2005 12 19 0
1065 2005 12 19 14
1066 2005 12 26 193
1067 2005 12 28 54
1068 2005 12 29 45
1069 2005 12 29 76
1070 2006 01 05 21
1071 2006 01 10 10
1072 2006 01 12 221
1073 2006 01 14 270
1074 2006 01 15 179
1075 2006 01 18 346
1076 2006 01 18 406
1077 2006 01 18 118
1078 2006 01 19 1178
1079 2006 01 20 31
1080 2006 01 21 43
1081 2006 01 22 5
1082 2006 01 22 25
1083 2006 01 23 37
1084 2006 01 24 71
1085 2006 01 24 49
1086 2006 01 25 194
1087 2006 01 26 41
1088 2006 01 26 2
1089 2006 01 28 62
1090 2006 01 30 8
1091 2006 01 30 12
1092 2006 01 30 17
1093 2006 01 30 446
1094 2006 02 01 3
1095 2006 02 01 275
1096 2006 02 01 34
1097 2006 02 01 181
1098 2006 02 01 27
1099 2006 02 01 36
1100 2006 02 01 56
1101 2006 02 01 6
1102 2006 02 02 12
1103 2006 02 02 124
1104 2006 02 03 20
1105 2006 02 09 2
1106 2006 02 09 26
1107 2006 02 09 207
1108 2006 02 10 39
1109 2006 02 12 60
1110 2006 02 15 360
1111 2006 02 15 21
1112 2006 02 17 356
1113 2006 02 17 64
1114 2006 02 18 316
1115 2006 02 18 16
1116 2006 02 19 391
1117 2006 02 19 148
1118 2006 02 20 348
1119 2006 02 20 278
1120 2006 02 20 98
1121 2006 02 20 129
1122 2006 02 21 88
1123 2006 02 21 64
1124 2006 02 21 296
1125 2006 02 21 231
1126 2006 02 24 324
1127 2006 02 24 76
1128 2006 02 26 433
1129 2006 02 27 1193
1130 2006 02 27 185
1131 2006 02 27 61
1132 2006 02 27 297
1133 2006 02 27 251
1134 2006 02 27 5
1135 2006 02 27 41
1136 2006 02 28 227
1137 2006 02 28 179
1138 2006 02 28 1354
1139 2006 03 01 280
1140 2006 03 01 121
1141 2006 03 01 567
1142 2006 03 01 90
1143 2006 03 01 110
1144 2006 03 01 389
1145 2006 03 02 122
1146 2006 03 02 11
1147 2006 03 02 169
1148 2006 03 02 28
1149 2006 03 03 1257
1150 2006 03 04 130
1151 2006 03 08 13
1152 2006 03 09 211
1153 2006 03 10 152
1154 2006 03 10 40
1155 2006 03 13 1187
1156 2006 03 14 289
1157 2006 03 15 540
1158 2006 03 19 158
1159 2006 03 19 93
1160 2006 03 19 151
1161 2006 03 19 36
1162 2006 03 19 51
1163 2006 03 19 11
1164 2006 03 19 23
1165 2006 03 20 54
1166 2006 03 21 407
1167 2006 03 22 228
1168 2006 03 23 169
1169 2006 03 24 80
1170 2006 03 24 51
1171 2006 03 27 103
1172 2006 03 27 102
1173 2006 03 27 140
1174 2006 03 27 90
1175 2006 03 27 32
1176 2006 03 27 125
1177 2006 03 27 47
1178 2006 03 28 16
1179 2006 03 29 80
1180 2006 03 30 33
1181 2006 04 01 5
1182 2006 04 01 16
1183 2006 04 01 32
1184 2006 04 01 53
1185 2006 04 01 48
1186 2006 04 02 26
1187 2006 04 02 116
1188 2006 04 02 96
1189 2006 04 02 16
1190 2006 04 04 219
1191 2006 04 05 252
1192 2006 04 18 379
1193 2006 04 24 1848
1194 2006 04 24 76
1195 2006 04 24 1
1196 2006 04 28 563
1197 2006 05 02 566
1198 2006 05 03 5
1199 2006 05 03 122
1200 2006 05 03 232
1201 2006 06 27 2
1202 2006 06 27 41
1203 2006 06 27 122396
1204 2006 06 27 1
1205 2006 06 27 2
1206 2006 06 27 1
1207 2006 06 28 1
1208 2006 06 28 2
1209 2006 07 23 1548
1210 2006 07 24 6739
1211 2006 07 25 539
1212 2006 07 25 12
1213 2006 07 25 5
1214 2006 07 25 12
1215 2006 07 26 20
1216 2006 07 26 7
1217 2006 07 28 295
1218 2006 07 28 16
1219 2006 08 01 44
1220 2006 08 03 525
1221 2006 08 03 102
1222 2006 08 03 313
1223 2006 08 03 224
1224 2006 08 03 396
1225 2006 08 04 326
1226 2006 08 04 49
1227 2006 08 04 6
1228 2006 08 04 6
1229 2006 08 04 7
1230 2006 08 04 38
1231 2006 08 04 20
1232 2006 08 04 21
1233 2006 08 04 49
1234 2006 08 14 445
1235 2006 08 14 445
1236 2006 08 14 3
1237 2006 08 14 575
1238 2006 08 14 576
1239 2006 08 16 17
1240 2006 08 18 930
1241 2006 08 18 11
1242 2006 08 18 53
1243 2006 08 18 29
1244 2006 08 18 24
1245 2006 08 22 38
1246 2006 08 22 466
1247 2006 08 24 81
1248 2006 08 24 194
1249 2006 08 29 482
1250 2006 08 29 298
1251 2006 08 29 225
1252 2006 08 29 7
1253 2006 08 29 0
1254 2006 08 29 3401
1255 2006 08 29 125
1256 2006 08 29 60
1257 2006 08 30 214
1258 2006 08 31 53
1259 2006 09 01 256
1260 2006 09 01 29
1261 2006 09 01 294
1262 2006 09 01 15
1263 2006 09 01 9
1264 2006 09 01 7
1265 2006 09 01 4
1266 2006 09 01 109
1267 2006 09 01 3
1268 2006 09 01 129
1269 2006 09 01 160
1270 2006 09 01 38
1271 2006 09 01 112
1272 2006 09 01 84
1273 2006 09 01 199
1274 2006 09 03 76
1275 2006 09 03 130
1276 2006 09 03 2
1277 2006 09 03 159
1278 2006 09 03 16
1279 2006 09 03 57
1280 2006 09 03 52
1281 2006 09 03 38
1282 2006 09 03 4
1283 2006 09 03 2
1284 2006 09 03 39
1285 2006 09 03 3
1286 2006 09 03 12
1287 2006 09 03 2
1288 2006 09 03 4
1289 2006 09 03 319
1290 2006 09 04 272
1291 2006 09 04 125
1292 2006 09 04 51
1293 2006 09 04 76
1294 2006 09 05 8
1295 2006 09 08 104
1296 2006 09 11 7
1297 2006 09 17 594
1298 2006 09 18 5
1299 2006 09 18 532
1300 2006 09 18 6980
1301 2006 09 18 3
1302 2006 09 18 48
1303 2006 09 19 140
1304 2006 09 19 36
1305 2006 09 19 7
1306 2006 09 19 4
1307 2006 09 19 29
1308 2006 09 19 2
1309 2006 09 19 3
1310 2006 09 19 2
1311 2006 09 19 2
1312 2006 09 19 195
1313 2006 09 22 199
1314 2006 09 22 342
1315 2006 10 07 116
1316 2006 10 07 7
1317 2006 10 07 68
1318 2006 10 07 30
1319 2006 10 07 147
1320 2006 10 12 6
1321 2006 10 12 85
1322 2006 10 13 270
1323 2006 10 15 443
1324 2006 10 15 188
1325 2006 10 15 20
1326 2006 10 16 56
1327 2006 10 16 39
1328 2006 10 17 171
1329 2006 10 17 12384
1330 2006 10 17 393
1331 2006 10 17 11659
1332 2006 10 17 37
1333 2006 10 17 3
1334 2006 10 17 7226
1335 2006 10 17 3
1336 2006 10 17 148
1337 2006 10 17 151
1338 2006 10 17 251
1339 2006 10 17 251
1340 2006 10 17 14280
1341 2006 10 17 760
1342 2006 10 17 42
1343 2006 10 18 38
1344 2006 10 18 413
1345 2006 10 18 522
1346 2006 10 18 2
1347 2006 10 18 139
1348 2006 10 20 1131
1349 2006 10 20 34
1350 2006 10 20 154
1351 2006 10 20 21
1352 2006 10 21 33
1353 2006 10 21 19
1354 2006 10 21 625
1355 2006 10 22 69
1356 2006 10 22 30
1357 2006 10 23 126
1358 2006 10 23 68
1359 2006 10 23 17
1360 2006 10 23 1
1361 2006 10 23 19
1362 2006 10 23 166
1363 2006 10 23 33
1364 2006 10 23 70
1365 2006 10 24 47
1366 2006 10 25 147
1367 2006 10 25 95
1368 2006 10 25 113
1369 2006 10 25 16
1370 2006 10 25 308
1371 2006 10 26 281
1372 2006 10 26 9
1373 2006 10 26 42
1374 2006 10 26 263
1375 2006 10 26 2
1376 2006 10 27 41
1377 2006 10 27 108
1378 2006 10 27 119
1379 2006 10 29 162
1380 2006 10 29 6
1381 2006 10 30 145
1382 2006 10 30 708
1383 2006 10 31 100
1384 2006 10 31 16
1385 2006 10 31 211
1386 2006 10 31 111
1387 2006 10 31 15
1388 2006 11 01 193
1389 2006 11 02 162
1390 2006 11 02 38
1391 2006 11 02 356
1392 2006 11 04 179
1393 2006 11 04 88
1394 2006 11 04 64
1395 2006 11 04 89
1396 2006 11 05 160
1397 2006 11 05 3
1398 2006 11 05 5
1399 2006 11 05 279
1400 2006 11 05 2
1401 2006 11 05 45
1402 2006 11 05 66
1403 2006 11 05 223
1404 2006 11 05 29
1405 2006 11 05 35
1406 2006 11 05 19
1407 2006 11 07 182
1408 2006 11 07 1369
1409 2006 11 07 707
1410 2006 11 07 2
1411 2006 11 07 275
1412 2006 11 08 190
1413 2006 11 08 3
1414 2006 11 08 5
1415 2006 11 08 5
1416 2006 11 09 32
1417 2006 11 11 228
1418 2006 11 11 49
1419 2006 11 11 9
1420 2006 11 12 22
1421 2006 11 13 32
1422 2006 11 15 22
1423 2006 11 16 92
1424 2006 11 16 19
1425 2006 11 16 3
1426 2006 11 16 240
1427 2006 11 16 105
1428 2006 11 16 271
1429 2006 11 16 1
1430 2006 11 16 222
1431 2006 11 16 19
1432 2006 11 17 7
1433 2006 11 17 67
1434 2006 11 17 11
1435 2006 11 18 91
1436 2006 11 18 2
1437 2006 11 18 3
1438 2006 11 18 17
1439 2006 11 18 4
1440 2006 11 18 30
1441 2006 11 18 43
1442 2006 11 19 6
1443 2006 11 19 18
1444 2006 11 19 3
1445 2006 11 19 306
1446 2006 11 19 22
1447 2006 11 19 263
1448 2006 11 19 963
1449 2006 11 19 29
1450 2006 11 19 251
1451 2006 11 19 136
1452 2006 11 19 58
1453 2006 11 19 102
1454 2006 11 19 18
1455 2006 11 19 10
1456 2006 11 19 352
1457 2006 11 22 307
1458 2006 11 22 36
1459 2006 11 22 14
1460 2006 11 23 45
1461 2006 11 23 19
1462 2006 11 23 41
1463 2006 11 24 5
1464 2006 11 24 28
1465 2006 11 24 32
1466 2006 11 24 34
1467 2006 11 24 72
1468 2006 11 25 573
1469 2006 11 26 16
1470 2006 11 28 16
1471 2006 11 29 11
1472 2006 11 29 195
1473 2006 11 29 1720
1474 2006 12 01 37
1475 2006 12 02 129
1476 2006 12 02 111
1477 2006 12 02 12
1478 2006 12 02 62
1479 2006 12 02 5
1480 2006 12 03 265
1481 2006 12 03 100
1482 2006 12 03 4
1483 2006 12 03 39
1484 2006 12 03 14
1485 2006 12 03 166
1486 2006 12 03 75
1487 2006 12 03 81
1488 2006 12 03 18
1489 2006 12 03 41
1490 2006 12 03 34
1491 2006 12 03 2
1492 2006 12 04 64
1493 2006 12 04 2002
1494 2006 12 04 347
1495 2006 12 04 3
1496 2006 12 04 47
1497 2006 12 04 794
1498 2006 12 04 3
1499 2006 12 04 2
1500 2006 12 05 381
1501 2006 12 05 7
1502 2006 12 05 416
1503 2006 12 07 1783
1504 2006 12 07 4
1505 2006 12 07 30
1506 2006 12 07 3
1507 2006 12 14 2
1508 2006 12 16 291
1509 2006 12 16 12
1510 2006 12 16 19
1511 2006 12 16 15
1512 2006 12 16 39
1513 2006 12 16 10
1514 2006 12 16 2
1515 2006 12 16 26
1516 2006 12 16 20
1517 2006 12 16 89
1518 2006 12 16 32
1519 2006 12 17 21
1520 2006 12 17 24
1521 2006 12 17 14
1522 2006 12 17 23
1523 2006 12 17 21
1524 2006 12 17 3
1525 2006 12 17 53
1526 2006 12 17 34
1527 2006 12 17 26
1528 2006 12 17 73
1529 2006 12 17 8
1530 2006 12 17 105
1531 2006 12 17 20
1532 2006 12 17 47
1533 2006 12 17 2
1534 2006 12 17 108
1535 2006 12 17 35
1536 2006 12 18 15
1537 2006 12 18 48
1538 2006 12 18 19
1539 2006 12 18 32
1540 2006 12 18 17
1541 2006 12 18 8
1542 2006 12 18 3
1543 2006 12 18 4
1544 2006 12 18 4
1545 2006 12 18 117
1546 2006 12 18 10
1547 2006 12 18 89
1548 2006 12 18 21
1549 2006 12 18 32
1550 2006 12 18 2
1551 2006 12 18 5
1552 2006 12 18 3
1553 2006 12 20 21
1554 2006 12 20 293
1555 2006 12 20 1783
1556 2006 12 20 315
1557 2006 12 20 12
1558 2006 12 20 4
1559 2006 12 28 798
1560 2007 01 14 368
1561 2007 01 14 1619
1562 2007 01 14 649
1563 2007 01 14 155
1564 2007 01 14 2
1565 2007 01 14 2304
1566 2007 01 15 112
1567 2007 01 15 107
1568 2007 01 16 158
1569 2007 01 16 135
1570 2007 01 16 222
1571 2007 01 16 7
1572 2007 01 16 295
1573 2007 01 16 20
1574 2007 01 16 15
1575 2007 01 16 442
1576 2007 01 16 428
1577 2007 01 16 18
1578 2007 01 16 514
1579 2007 01 16 148
1580 2007 01 16 31
1581 2007 01 16 69
1582 2007 01 16 62
1583 2007 01 16 2
1584 2007 01 16 108
1585 2007 01 16 84
1586 2007 01 16 2
1587 2007 01 16 84
1588 2007 01 16 677
1589 2007 01 16 682
1590 2007 01 16 815
1591 2007 01 17 496
1592 2007 01 17 171
1593 2007 01 17 190
1594 2007 01 17 14
1595 2007 01 17 15
1596 2007 01 17 3
1597 2007 01 17 3
1598 2007 01 18 34
1599 2007 01 18 3
1600 2007 01 18 49
1601 2007 01 18 4
1602 2007 01 18 5
1603 2007 01 18 48
1604 2007 01 18 3
1605 2007 01 18 2
1606 2007 01 18 19
1607 2007 01 19 2
1608 2007 01 19 60
1609 2007 01 19 11
1610 2007 01 19 8
1611 2007 01 19 28
1612 2007 01 19 4
1613 2007 01 19 31
1614 2007 01 22 8
1615 2007 01 23 95
1616 2007 01 23 2
1617 2007 01 23 9
1618 2007 01 23 12
1619 2007 01 23 3
1620 2007 01 23 119
1621 2007 01 23 6
1622 2007 01 23 12
1623 2007 01 23 73
1624 2007 01 24 168
1625 2007 01 25 578
1626 2007 01 25 4331
1627 2007 01 25 14
1628 2007 01 25 25
1629 2007 01 25 17
1630 2007 01 25 104
1631 2007 01 25 11
1632 2007 01 26 89
1633 2007 01 26 140
1634 2007 01 26 50
1635 2007 01 26 258
1636 2007 01 26 9
1637 2007 01 26 392
1638 2007 01 26 21
1639 2007 01 27 79
1640 2007 01 27 32
1641 2007 01 27 84
1642 2007 01 27 41
1643 2007 01 28 164
1644 2007 01 28 14
1645 2007 01 28 16
1646 2007 01 28 30
1647 2007 01 28 73
1648 2007 01 28 189
1649 2007 01 28 13
1650 2007 01 28 26
1651 2007 01 29 54
1652 2007 01 29 147
1653 2007 01 29 26
1654 2007 01 29 19
1655 2007 01 29 59
1656 2007 01 29 151
1657 2007 01 29 47
1658 2007 01 29 9
1659 2007 01 29 59
1660 2007 01 29 31
1661 2007 01 29 33
1662 2007 01 29 3
1663 2007 01 29 3
1664 2007 01 29 37
1665 2007 01 29 56
1666 2007 01 29 2
1667 2007 01 29 26
1668 2007 01 30 34
1669 2007 01 30 1
1670 2007 01 30 4
1671 2007 01 30 11
1672 2007 01 30 2
1673 2007 01 30 35
1674 2007 01 30 163
1675 2007 01 30 22
1676 2007 01 30 20
1677 2007 01 30 5
1678 2007 01 30 9
1679 2007 01 30 70
1680 2007 01 30 12
1681 2007 01 30 3
1682 2007 01 30 120
1683 2007 01 30 18
1684 2007 01 30 39
1685 2007 01 30 2
1686 2007 01 30 4
1687 2007 01 30 11
1688 2007 01 31 28
1689 2007 01 31 162
1690 2007 01 31 64
1691 2007 01 31 25
1692 2007 01 31 81
1693 2007 01 31 29
1694 2007 02 01 107
1695 2007 02 01 2
1696 2007 02 01 32
1697 2007 02 01 18
1698 2007 02 01 27
1699 2007 02 01 4
1700 2007 02 01 28
1701 2007 02 01 30
1702 2007 02 01 20
1703 2007 02 02 28
1704 2007 02 03 313
1705 2007 02 03 316
1706 2007 02 04 1055
1707 2007 02 04 107
1708 2007 02 05 100
1709 2007 02 05 179
1710 2007 02 06 656
1711 2007 02 06 931
1712 2007 02 06 134
1713 2007 02 06 90
1714 2007 02 06 70
1715 2007 02 07 45
1716 2007 02 07 121
1717 2007 02 07 13
1718 2007 02 07 114
1719 2007 02 07 5
1720 2007 02 07 79
1721 2007 02 07 37
1722 2007 02 07 42
1723 2007 02 07 16
1724 2007 02 07 3
1725 2007 02 10 47
1726 2007 02 10 60
1727 2007 02 10 164
1728 2007 02 10 34
1729 2007 02 10 3
1730 2007 02 10 10
1731 2007 02 10 15
1732 2007 02 11 66
1733 2007 02 11 54
1734 2007 02 11 103
1735 2007 02 11 70
1736 2007 02 11 35
1737 2007 02 11 51
1738 2007 02 11 281
1739 2007 02 11 3
1740 2007 02 13 96
1741 2007 02 13 3
1742 2007 02 13 97
1743 2007 02 13 8
1744 2007 02 13 2
1745 2007 02 13 4
1746 2007 02 13 18
1747 2007 02 13 188
1748 2007 02 13 22
1749 2007 02 13 60
1750 2007 02 13 43
1751 2007 02 14 0
1752 2007 02 14 103
1753 2007 02 14 12
1754 2007 02 14 40
1755 2007 02 14 15
1756 2007 02 14 7
1757 2007 02 14 24
1758 2007 02 14 3
1759 2007 02 14 2
1760 2007 02 16 99
1761 2007 02 17 172
1762 2007 02 17 50
1763 2007 02 18 48
1764 2007 02 20 61
1765 2007 02 20 7
1766 2007 02 20 2
1767 2007 02 20 30
1768 2007 02 20 13
1769 2007 02 20 4
1770 2007 02 20 46
1771 2007 02 20 2
1772 2007 02 20 3
1773 2007 02 21 79
1774 2007 02 21 43
1775 2007 02 21 5
1776 2007 02 21 2
1777 2007 02 21 1
1778 2007 02 21 23
1779 2007 02 21 33
1780 2007 02 21 16
1781 2007 02 21 5
1782 2007 02 21 188
1783 2007 02 21 138
1784 2007 02 21 56
1785 2007 02 21 9
1786 2007 02 22 2
1787 2007 02 22 123
1788 2007 02 23 1638
1789 2007 02 23 10
1790 2007 02 23 5
1791 2007 02 23 23
1792 2007 02 23 18
1793 2007 02 23 4
1794 2007 02 23 3
1795 2007 02 23 29
1796 2007 02 23 2
1797 2007 02 23 4
1798 2007 02 23 4
1799 2007 02 23 15
1800 2007 02 23 23
1801 2007 02 24 35
1802 2007 02 24 95
1803 2007 02 24 9
1804 2007 02 24 3
1805 2007 02 24 4
1806 2007 02 24 125
1807 2007 02 24 50
1808 2007 02 24 144
1809 2007 02 24 3
1810 2007 02 24 43
1811 2007 02 24 101
1812 2007 02 24 11
1813 2007 02 25 155
1814 2007 02 26 101
1815 2007 02 26 47
1816 2007 02 27 130
1817 2007 02 27 53
1818 2007 02 27 35
1819 2007 02 27 2
1820 2007 02 28 16
1821 2007 02 28 104
1822 2007 02 28 32
1823 2007 02 28 15
1824 2007 02 28 30
1825 2007 03 01 87
1826 2007 03 01 6
1827 2007 03 01 3
1828 2007 03 01 7
1829 2007 03 01 0
1830 2007 03 01 4
1831 2007 03 02 271
1832 2007 03 02 150
1833 2007 03 02 10
1834 2007 03 02 13
1835 2007 03 03 134
1836 2007 03 03 14
1837 2007 03 03 2661
1838 2007 03 03 2734
1839 2007 03 03 797
1840 2007 03 03 142
1841 2007 03 04 442
1842 2007 03 04 5
1843 2007 03 04 1663
1844 2007 03 04 30
1845 2007 03 04 11
1846 2007 03 04 35
1847 2007 03 04 35
1848 2007 03 04 9
1849 2007 03 04 11
1850 2007 03 04 1845
1851 2007 03 04 3
1852 2007 03 04 2
1853 2007 03 04 101
1854 2007 03 04 24
1855 2007 03 05 52
1856 2007 03 05 137
1857 2007 03 05 33
1858 2007 03 05 16
1859 2007 03 05 94
1860 2007 03 05 17
1861 2007 03 06 74
1862 2007 03 06 12
1863 2007 03 06 55
1864 2007 03 06 7
1865 2007 03 06 440
1866 2007 03 06 63
1867 2007 03 06 10
1868 2007 03 07 68
1869 2007 03 07 64
1870 2007 03 07 249
1871 2007 03 07 56
1872 2007 03 07 16
1873 2007 03 07 2
1874 2007 03 07 14
1875 2007 03 07 62
1876 2007 03 09 263
1877 2007 03 09 104
1878 2007 03 09 432
1879 2007 03 09 3
1880 2007 03 10 139
1881 2007 03 10 24
1882 2007 03 10 105
1883 2007 03 10 12
1884 2007 03 11 495
1885 2007 03 11 143
1886 2007 03 11 113
1887 2007 03 11 13
1888 2007 03 11 24
1889 2007 03 11 272
1890 2007 03 12 152
1891 2007 03 12 70
1892 2007 03 12 65
1893 2007 03 13 93
1894 2007 03 13 11
1895 2007 03 13 89
1896 2007 03 13 78
1897 2007 03 13 20
1898 2007 03 13 2
1899 2007 03 13 56
1900 2007 03 13 9
1901 2007 03 13 7
1902 2007 03 13 102
1903 2007 03 13 6
1904 2007 03 13 81
1905 2007 03 13 8
1906 2007 03 13 2
1907 2007 03 13 6
1908 2007 03 13 3
1909 2007 03 13 10
1910 2007 03 13 20
1911 2007 03 13 49
1912 2007 03 13 16
1913 2007 03 13 11
1914 2007 03 13 42
1915 2007 03 13 11
1916 2007 03 13 26
1917 2007 03 13 19
1918 2007 03 13 27
1919 2007 03 13 24
1920 2007 03 14 30
1921 2007 03 14 2
1922 2007 03 14 7
1923 2007 03 14 217
1924 2007 03 14 0
1925 2007 03 14 66
1926 2007 03 14 2
1927 2007 03 14 19
1928 2007 03 14 196
1929 2007 03 14 460
1930 2007 03 14 133
1931 2007 03 14 7
1932 2007 03 15 175
1933 2007 03 15 97
1934 2007 03 15 38
1935 2007 03 15 15
1936 2007 03 15 98
1937 2007 03 15 23
1938 2007 03 15 5
1939 2007 03 15 408
1940 2007 03 15 193
1941 2007 03 16 43
1942 2007 03 16 147
