8 2004 04 12 0
9 2004 04 12 0
10 2004 04 12 0
11 2004 04 12 0
12 2004 04 12 0
13 2004 04 12 0
14 2004 04 12 0
15 2004 04 13 0
16 2004 04 13 0
17 2004 04 18 0
18 2004 04 18 0
19 2004 04 19 0
20 2004 04 19 0
21 2004 04 19 0
22 2004 04 19 0
23 2004 04 19 0
24 2004 04 19 0
25 2004 04 19 0
26 2004 04 20 0
27 2004 04 20 0
28 2004 04 20 0
29 2004 04 20 0
30 2004 04 20 0
31 2004 04 20 0
32 2004 04 20 0
33 2004 04 20 0
34 2004 04 20 0
35 2004 04 20 0
36 2004 04 20 0
37 2004 04 20 0
38 2004 04 20 0
39 2004 04 22 0
40 2004 04 22 0
41 2004 04 22 0
42 2004 04 22 0
43 2004 04 22 0
44 2004 04 22 0
45 2004 04 22 0
46 2004 04 22 0
47 2004 04 23 0
48 2004 04 23 0
49 2004 04 23 0
50 2004 04 23 0
51 2004 04 24 0
52 2004 04 24 0
53 2004 04 24 0
54 2004 04 24 0
55 2004 04 24 0
56 2004 04 25 0
57 2004 04 25 0
58 2004 04 25 0
59 2004 04 25 0
60 2004 04 25 0
61 2004 04 26 0
62 2004 04 26 0
63 2004 04 26 0
64 2004 04 27 0
65 2004 04 27 0
66 2004 04 27 0
67 2004 04 28 0
68 2004 04 28 0
69 2004 04 28 0
70 2004 04 28 0
71 2004 04 28 0
72 2004 04 29 0
73 2004 04 29 0
74 2004 04 29 0
75 2004 04 30 0
76 2004 04 30 0
77 2004 05 06 0
78 2004 05 07 0
79 2004 05 08 0
80 2004 05 08 0
81 2004 05 08 0
82 2004 05 08 0
83 2004 05 08 0
84 2004 05 08 0
85 2004 05 08 0
86 2004 05 08 0
87 2004 05 08 0
88 2004 05 08 0
89 2004 05 08 0
90 2004 05 08 0
91 2004 05 09 0
92 2004 05 09 0
93 2004 05 09 0
94 2004 05 09 0
95 2004 05 09 0
96 2004 05 09 0
97 2004 05 10 0
98 2004 05 10 0
99 2004 05 10 0
100 2004 05 10 0
101 2004 05 10 0
102 2004 05 10 0
103 2004 05 10 0
104 2004 05 10 0
105 2004 05 12 0
106 2004 05 12 0
107 2004 05 12 0
108 2004 05 12 0
109 2004 05 12 0
110 2004 05 12 0
111 2004 05 12 0
112 2004 05 13 0
113 2004 05 13 0
114 2004 05 13 0
115 2004 05 13 0
116 2004 05 13 0
117 2004 05 13 0
118 2004 05 13 0
119 2004 05 14 0
120 2004 05 14 0
121 2004 05 14 0
122 2004 05 14 0
123 2004 05 14 0
124 2004 05 14 0
125 2004 05 14 0
126 2004 05 14 0
127 2004 05 14 0
128 2004 05 15 0
129 2004 05 15 0
130 2004 05 15 0
131 2004 05 15 0
132 2004 05 15 0
133 2004 05 15 0
134 2004 05 15 0
135 2004 05 15 0
136 2004 05 15 0
137 2004 05 15 0
138 2004 05 15 0
139 2004 05 15 0
140 2004 05 15 0
141 2004 05 15 0
142 2004 05 15 0
143 2004 05 15 0
144 2004 05 15 0
145 2004 05 15 0
146 2004 05 16 0
147 2004 05 16 0
148 2004 05 16 0
149 2004 05 16 0
150 2004 05 16 0
151 2004 05 16 0
152 2004 05 16 0
153 2004 05 16 0
154 2004 05 16 0
155 2004 05 16 0
156 2004 05 16 0
157 2004 05 16 0
158 2004 05 16 0
159 2004 05 16 0
160 2004 05 16 0
161 2004 05 17 0
162 2004 05 17 0
163 2004 05 17 0
164 2004 05 17 0
165 2004 05 17 0
166 2004 05 17 0
167 2004 05 17 0
168 2004 05 17 0
169 2004 05 17 0
170 2004 05 17 0
171 2004 05 17 0
172 2004 05 17 0
173 2004 05 17 0
174 2004 05 21 0
175 2004 05 21 0
176 2004 05 22 0
177 2004 05 23 0
178 2004 05 24 0
179 2004 05 24 0
180 2004 05 24 0
181 2004 05 24 0
182 2004 05 25 0
183 2004 05 25 0
184 2004 05 25 0
185 2004 05 25 0
186 2004 05 25 0
187 2004 05 25 0
188 2004 05 25 0
189 2004 05 25 0
190 2004 05 25 0
191 2004 05 25 0
192 2004 05 26 0
193 2004 05 26 0
194 2004 05 26 0
195 2004 05 26 0
196 2004 05 26 0
197 2004 05 27 0
198 2004 05 27 0
199 2004 05 27 0
200 2004 05 27 0
201 2004 05 27 0
202 2004 05 27 0
203 2004 05 28 0
204 2004 05 29 0
205 2004 05 30 0
206 2004 05 30 0
207 2004 05 30 0
208 2004 05 31 0
209 2004 05 31 0
210 2004 05 31 0
211 2004 05 31 0
212 2004 05 31 0
213 2004 05 31 0
214 2004 06 01 0
215 2004 06 01 0
216 2004 06 01 0
217 2004 06 01 0
218 2004 06 01 0
219 2004 06 01 0
220 2004 06 02 0
221 2004 06 02 0
222 2004 06 02 0
223 2004 06 02 0
224 2004 06 02 0
225 2004 06 02 0
226 2004 06 02 0
227 2004 06 02 0
228 2004 06 02 0
229 2004 06 03 0
230 2004 06 03 0
231 2004 06 03 0
232 2004 06 03 0
233 2004 06 06 0
234 2004 06 07 0
235 2004 06 08 0
236 2004 06 08 0
237 2004 06 08 0
238 2004 06 09 0
239 2004 06 09 0
240 2004 06 09 0
241 2004 06 09 0
242 2004 06 09 0
243 2004 06 10 0
244 2004 06 10 0
245 2004 06 12 0
246 2004 06 12 0
247 2004 06 13 0
248 2004 06 13 0
249 2004 06 13 0
250 2004 06 14 0
251 2004 06 14 0
252 2004 06 15 0
253 2004 06 15 0
254 2004 06 15 0
255 2004 06 15 0
256 2004 06 15 0
257 2004 06 16 0
258 2004 06 16 0
259 2004 06 16 0
260 2004 06 16 0
261 2004 06 16 0
262 2004 06 16 0
263 2004 06 16 0
264 2004 06 16 0
265 2004 06 17 0
266 2004 06 17 0
267 2004 06 18 0
268 2004 06 19 0
269 2004 06 21 0
270 2004 06 21 0
271 2004 06 21 0
272 2004 06 22 0
273 2004 06 22 0
274 2004 06 22 0
275 2004 06 23 0
276 2004 06 23 0
277 2004 06 24 0
278 2004 06 24 0
279 2004 06 25 0
280 2004 06 25 0
281 2004 06 25 0
282 2004 06 25 0
283 2004 06 28 0
284 2004 06 28 0
285 2004 06 28 0
286 2004 06 28 0
287 2004 06 29 0
288 2004 07 02 0
289 2004 07 02 0
290 2004 07 03 0
291 2004 07 03 0
292 2004 07 04 0
293 2004 07 04 0
294 2004 07 04 0
295 2004 07 04 0
296 2004 07 05 0
297 2004 07 06 0
298 2004 07 07 0
299 2004 07 07 0
300 2004 07 07 0
301 2004 07 07 0
302 2004 07 07 0
303 2004 07 07 0
304 2004 07 07 0
305 2004 07 07 0
306 2004 07 07 0
307 2004 07 07 0
308 2004 07 07 0
309 2004 07 07 0
310 2004 07 07 0
311 2004 07 07 0
312 2004 07 07 0
313 2004 07 08 0
314 2004 07 08 0
315 2004 07 08 0
316 2004 07 08 0
317 2004 07 08 0
318 2004 07 08 1042
319 2004 07 13 108
320 2004 07 21 104
321 2004 07 21 14
322 2004 07 22 447
323 2004 07 26 14
324 2004 07 26 144
325 2004 07 27 331
326 2004 07 27 63
327 2004 07 27 103
328 2004 07 28 12
329 2004 07 28 4
330 2004 07 28 158
331 2004 07 28 408
332 2004 07 28 9
333 2004 07 28 20
334 2004 07 28 197
335 2004 07 29 8
336 2004 07 30 2
337 2004 07 30 168
338 2004 07 30 2
339 2004 07 31 3
340 2004 08 01 39
341 2004 08 03 29
342 2004 08 03 0
343 2004 08 03 0
344 2004 08 04 76
345 2004 08 04 3
346 2004 08 05 57
347 2004 08 06 57
348 2004 08 06 130
349 2004 08 06 8
350 2004 08 06 53
351 2004 08 09 275
352 2004 08 10 29
353 2004 08 10 18
354 2004 08 10 21
355 2004 08 10 10
356 2004 08 11 22
357 2004 08 11 2
358 2004 08 11 158
359 2004 08 11 258
360 2004 08 11 30
361 2004 08 12 0
362 2004 08 13 0
363 2004 08 13 257
364 2004 08 13 0
365 2004 08 14 0
366 2004 08 14 1348
367 2004 08 14 1
368 2004 08 15 7
369 2004 08 17 25
370 2004 08 17 4
371 2004 08 19 11
372 2004 08 20 14
373 2004 08 20 72
374 2004 08 20 2
375 2004 08 20 0
376 2004 08 25 0
377 2004 08 27 164
378 2004 08 31 39
379 2004 09 02 90
380 2004 09 03 251
381 2004 09 05 19
382 2004 09 05 11
383 2004 09 05 38
384 2004 09 05 14
385 2004 09 07 36
386 2004 09 07 72
387 2004 09 07 47
388 2004 09 09 36
389 2004 09 21 15
390 2004 09 21 45
391 2004 09 21 4
392 2004 09 22 2
393 2004 09 24 19
394 2004 09 27 12
395 2004 09 29 22
396 2004 09 29 13
397 2004 09 29 13
398 2004 09 29 343
399 2004 10 01 0
400 2004 10 02 316
401 2004 10 02 10
402 2004 10 02 3
403 2004 10 04 15
404 2004 10 04 34
405 2004 10 04 1779
406 2004 10 04 4
407 2004 10 06 2
408 2004 10 06 18
409 2004 10 06 27
410 2004 10 06 1130
411 2004 10 06 8
412 2004 10 06 367
413 2004 10 07 0
414 2004 10 07 623
415 2004 10 09 37
416 2004 10 09 62
417 2004 10 09 20
418 2004 10 10 3
419 2004 10 10 39
420 2004 10 10 3
421 2004 10 11 57
422 2004 10 11 57
423 2004 10 15 7
424 2004 10 16 7
425 2004 10 17 15
426 2004 10 17 31
427 2004 10 18 211
428 2004 10 18 38
429 2004 10 19 0
430 2004 10 20 2
431 2004 10 20 69
432 2004 10 21 8
433 2004 10 22 33
434 2004 10 22 33
435 2004 10 23 2
436 2004 10 23 260
437 2004 10 23 7
438 2004 10 23 28
439 2004 10 24 5
440 2004 10 24 10
441 2004 10 24 302
442 2004 10 25 27
443 2004 10 28 124
444 2004 10 28 6
445 2004 10 29 71
446 2004 10 29 67
447 2004 10 29 2
448 2004 10 30 9
449 2004 10 30 163
450 2004 10 31 7
451 2004 10 31 8
452 2004 11 01 2
453 2004 11 01 2
454 2004 11 02 2
455 2004 11 02 2
456 2004 11 02 29
457 2004 11 03 24
458 2004 11 03 219
459 2004 11 05 12
460 2004 11 05 44
461 2004 11 07 6
462 2004 11 08 2
463 2004 11 08 318
464 2004 11 08 287
465 2004 11 10 110
466 2004 11 10 1
467 2004 11 10 10
468 2004 11 10 383
469 2004 11 10 2
470 2004 11 10 1284
471 2004 11 11 2332
472 2004 11 11 29
473 2004 11 11 0
474 2004 11 11 0
475 2004 11 12 0
476 2004 11 12 141
477 2004 11 12 12
478 2004 11 12 4
479 2004 11 12 439
480 2004 11 12 2
481 2004 11 12 45
482 2004 11 12 5
483 2004 11 12 14
484 2004 11 12 13
485 2004 11 12 13
486 2004 11 12 902
487 2004 11 13 736
488 2004 11 13 9
489 2004 11 14 6
490 2004 11 14 8
491 2004 11 14 24
492 2004 11 14 875
493 2004 11 15 36
494 2004 11 15 3
495 2004 11 15 700
496 2004 11 15 7
497 2004 11 16 573
498 2004 11 16 0
499 2004 11 16 85
500 2004 11 16 236
501 2004 11 17 8
502 2004 11 17 32
503 2004 11 18 175
504 2004 11 18 30
505 2004 11 18 126
506 2004 11 18 32
507 2004 11 18 92
508 2004 11 19 2
509 2004 11 19 63
510 2004 11 19 293
511 2004 11 19 2
512 2004 11 19 19
513 2004 11 19 209
514 2004 11 19 16
515 2004 11 19 117
516 2004 11 19 9
517 2004 11 19 172
518 2004 11 19 369
519 2004 11 19 256
520 2004 11 20 4
521 2004 11 20 2
522 2004 11 24 41
523 2004 12 01 6
524 2004 12 03 16
525 2004 12 04 2
526 2004 12 05 48
527 2004 12 07 44
528 2004 12 07 14
529 2004 12 08 92
530 2004 12 08 47
531 2004 12 08 8
532 2004 12 08 63
533 2004 12 08 2
534 2004 12 08 10
535 2004 12 08 4
536 2004 12 08 433
537 2004 12 08 7
538 2004 12 08 55
539 2004 12 10 34
540 2004 12 11 139
541 2004 12 12 7
542 2004 12 12 11
543 2004 12 12 20
544 2004 12 12 43
545 2004 12 12 334
546 2004 12 12 29606
547 2004 12 12 8
548 2004 12 13 264
549 2004 12 14 433
550 2004 12 15 1
551 2004 12 15 0
552 2004 12 16 0
553 2004 12 18 0
554 2005 01 07 146
555 2005 01 08 81986
556 2005 01 08 10
557 2005 01 09 3
558 2005 01 09 4
559 2005 01 09 209
560 2005 01 09 65
561 2005 01 10 8
562 2005 01 10 2
563 2005 01 10 5725
564 2005 01 10 492
565 2005 01 11 169
566 2005 01 11 14
567 2005 01 12 12
568 2005 01 12 2
569 2005 01 12 68
570 2005 01 12 59
571 2005 01 13 241
572 2005 01 13 11
573 2005 01 13 227
574 2005 01 14 0
575 2005 01 14 94
576 2005 01 14 25
577 2005 01 14 20
578 2005 01 14 48
579 2005 01 14 2
580 2005 01 15 97
581 2005 01 16 88
582 2005 01 17 362
583 2005 01 18 9
584 2005 01 18 40
585 2005 01 18 17
586 2005 01 18 81
587 2005 01 18 55
588 2005 01 18 5
589 2005 01 18 21
590 2005 01 18 311
591 2005 01 19 58
592 2005 01 19 70
593 2005 01 19 3
594 2005 01 20 61
595 2005 01 20 15
596 2005 01 20 198
597 2005 01 20 392
598 2005 01 20 127
599 2005 01 20 48
600 2005 01 20 26
601 2005 01 20 16
602 2005 01 20 3
603 2005 01 20 50
604 2005 01 20 118
605 2005 01 20 102
606 2005 01 20 4
607 2005 01 20 9
608 2005 01 20 41
609 2005 01 20 3
610 2005 01 20 28
611 2005 01 20 81
612 2005 01 20 76
613 2005 01 20 206
614 2005 01 20 2
615 2005 01 20 30
616 2005 01 20 38
617 2005 01 20 60
618 2005 01 20 21
619 2005 01 20 299
620 2005 01 20 149
621 2005 01 21 6
622 2005 01 21 3058
623 2005 01 21 5
624 2005 01 26 5
625 2005 01 26 106
626 2005 01 27 1869
627 2005 01 27 6
628 2005 01 27 119
629 2005 01 27 26
630 2005 01 28 25
631 2005 01 28 158
632 2005 01 28 4
633 2005 01 28 10
634 2005 01 28 3
635 2005 01 28 15
636 2005 01 28 157
637 2005 01 28 25
638 2005 01 28 3
639 2005 01 30 306
640 2005 01 31 59
641 2005 01 31 243
642 2005 01 31 14
643 2005 01 31 59
644 2005 01 31 196
645 2005 02 02 3
646 2005 02 04 201
647 2005 02 06 43
648 2005 02 08 2
649 2005 02 08 4
650 2005 02 08 373
651 2005 02 09 25
652 2005 02 09 119
653 2005 02 10 14701
654 2005 02 10 137
655 2005 02 11 45
656 2005 02 11 6
657 2005 02 11 37
658 2005 02 11 64
659 2005 02 11 33
660 2005 02 13 3
661 2005 02 13 0
662 2005 02 13 30
663 2005 02 13 9
664 2005 02 14 9
665 2005 02 14 0
666 2005 02 14 0
667 2005 02 14 4
668 2005 02 14 6
669 2005 02 15 44
670 2005 02 15 780
671 2005 02 15 0
672 2005 02 16 44
673 2005 02 17 0
674 2005 02 17 0
675 2005 02 17 0
676 2005 02 17 39
677 2005 02 18 15
678 2005 02 18 109
679 2005 02 18 42
680 2005 02 18 3
681 2005 02 18 10
682 2005 02 18 0
683 2005 02 18 0
684 2005 02 18 0
685 2005 02 18 0
686 2005 02 18 0
687 2005 02 22 0
688 2005 02 22 0
689 2005 02 22 0
690 2005 02 22 158
691 2005 02 22 0
692 2005 02 22 13
693 2005 02 22 188
694 2005 02 22 0
695 2005 02 22 0
696 2005 02 22 0
697 2005 02 22 0
698 2005 02 22 0
699 2005 02 22 0
700 2005 02 22 0
701 2005 02 22 0
702 2005 02 22 29
703 2005 02 22 54
704 2005 02 22 65
705 2005 02 22 0
706 2005 02 22 103
707 2005 02 22 6
708 2005 02 22 0
709 2005 02 22 0
710 2005 02 22 48
711 2005 02 22 0
712 2005 02 22 5
713 2005 02 22 6
714 2005 02 22 41
715 2005 02 22 16
716 2005 02 22 63
717 2005 02 22 28
718 2005 02 22 3
719 2005 02 22 20
720 2005 02 22 0
721 2005 02 22 0
722 2005 02 22 0
723 2005 02 22 0
724 2005 02 22 2
725 2005 02 24 170
726 2005 02 24 0
727 2005 02 24 6
728 2005 02 24 5
729 2005 02 24 0
730 2005 02 24 0
731 2005 02 24 0
732 2005 02 24 0
733 2005 02 24 43
734 2005 02 24 4
735 2005 02 24 0
736 2005 02 24 0
737 2005 02 24 112
738 2005 02 24 279
739 2005 02 24 0
740 2005 02 24 8
741 2005 02 25 9
742 2005 02 25 54
743 2005 02 25 0
744 2005 02 25 0
745 2005 02 25 0
746 2005 02 25 0
747 2005 02 25 0
748 2005 02 25 309
749 2005 02 25 6
750 2005 02 25 1
751 2005 02 25 12
752 2005 02 25 0
753 2005 02 25 0
754 2005 02 25 0
755 2005 02 25 0
756 2005 02 25 164
757 2005 02 25 72
758 2005 02 25 18
759 2005 02 26 4
760 2005 02 28 43
761 2005 02 28 22
762 2005 03 01 35
763 2005 03 01 10
764 2005 03 01 0
765 2005 03 01 76
766 2005 03 03 8
767 2005 03 03 77
768 2005 03 03 5
769 2005 03 03 8
770 2005 03 03 25
771 2005 03 04 2
772 2005 03 05 0
773 2005 03 08 4
774 2005 03 08 0
775 2005 03 08 0
776 2005 03 08 0
777 2005 03 08 17
778 2005 03 08 0
779 2005 03 10 0
780 2005 03 11 0
781 2005 03 11 0
782 2005 03 11 7
783 2005 03 12 0
784 2005 03 12 56
785 2005 03 12 3
786 2005 03 13 0
787 2005 03 13 0
788 2005 03 15 0
789 2005 03 15 0
790 2005 03 17 0
791 2005 03 18 13
792 2005 03 18 0
793 2005 03 19 0
794 2005 03 20 0
795 2005 03 22 0
796 2005 03 22 0
797 2005 03 22 0
798 2005 03 22 0
799 2005 03 24 0
800 2005 03 25 0
801 2005 03 25 0
802 2005 03 26 0
803 2005 03 26 0
804 2005 03 27 0
805 2005 03 28 0
806 2005 03 28 0
807 2005 03 28 0
808 2005 03 28 0
809 2005 03 28 0
810 2005 03 28 0
811 2005 03 29 0
812 2005 03 30 0
813 2005 03 30 0
814 2005 03 30 0
815 2005 04 02 0
816 2005 04 02 0
817 2005 04 02 0
818 2005 04 04 0
819 2005 04 04 0
820 2005 04 05 0
821 2005 04 05 26
822 2005 04 06 0
823 2005 04 06 0
824 2005 04 07 0
825 2005 04 07 0
826 2005 04 08 0
827 2005 04 10 0
828 2005 04 10 0
829 2005 04 10 0
830 2005 04 12 0
831 2005 04 13 0
832 2005 04 15 0
833 2005 04 15 0
834 2005 04 15 0
835 2005 04 15 0
836 2005 04 15 0
837 2005 04 15 0
838 2005 04 15 0
839 2005 04 15 0
840 2005 04 15 0
841 2005 04 15 0
842 2005 04 15 0
843 2005 04 15 0
844 2005 04 15 0
845 2005 04 15 0
846 2005 04 18 0
847 2005 04 18 0
848 2005 04 20 0
849 2005 04 20 0
850 2005 04 20 0
851 2005 04 22 0
852 2005 04 22 0
853 2005 04 22 0
854 2005 04 22 0
855 2005 05 01 0
856 2005 05 03 0
857 2005 05 04 0
858 2005 05 04 0
859 2005 05 05 0
860 2005 05 05 0
861 2005 05 05 0
862 2005 05 05 0
863 2005 05 06 0
864 2005 05 06 0
865 2005 05 07 0
866 2005 05 07 0
867 2005 05 08 0
868 2005 05 08 0
869 2005 05 08 0
870 2005 05 09 0
871 2005 05 09 0
872 2005 05 09 0
873 2005 05 09 0
874 2005 05 10 0
875 2005 05 11 0
876 2005 05 11 0
877 2005 05 28 0
878 2005 05 28 0
879 2005 05 29 0
880 2005 05 29 0
881 2005 05 29 0
882 2005 05 30 0
883 2005 05 31 0
884 2005 05 31 0
885 2005 05 31 0
886 2005 06 02 0
887 2005 06 20 0
888 2005 09 09 0
889 2005 09 22 0
890 2005 09 22 0
891 2005 09 24 0
892 2005 09 24 3
893 2005 09 24 0
894 2005 09 25 0
895 2005 09 25 0
896 2005 09 26 0
897 2005 09 26 0
898 2005 09 26 0
899 2005 09 26 0
900 2005 09 26 0
901 2005 09 27 0
902 2005 09 27 26
903 2005 09 27 0
904 2005 09 27 0
905 2005 09 27 0
906 2005 09 27 0
907 2005 09 28 0
908 2005 09 29 0
909 2005 09 29 0
910 2005 09 29 0
911 2005 09 29 0
912 2005 09 30 0
913 2005 09 30 0
914 2005 10 02 0
915 2005 10 02 0
916 2005 10 02 0
917 2005 10 03 0
918 2005 10 03 0
919 2005 10 03 0
920 2005 10 03 0
921 2005 10 03 0
922 2005 10 03 0
923 2005 10 03 0
924 2005 10 03 0
925 2005 10 04 0
926 2005 10 05 0
927 2005 10 05 0
928 2005 10 07 0
929 2005 10 07 0
930 2005 10 07 0
931 2005 10 09 0
932 2005 10 10 0
933 2005 10 10 0
934 2005 10 11 0
935 2005 10 11 0
936 2005 10 11 0
937 2005 10 11 0
938 2005 10 11 0
939 2005 10 11 0
940 2005 10 11 0
941 2005 10 13 0
942 2005 10 13 0
943 2005 10 14 0
944 2005 10 14 0
945 2005 10 14 0
946 2005 10 15 0
947 2005 10 15 0
948 2005 10 17 6
949 2005 10 18 0
950 2005 10 18 0
951 2005 10 18 0
952 2005 10 18 0
953 2005 10 18 0
954 2005 10 19 0
955 2005 10 19 262
956 2005 10 20 0
957 2005 10 20 0
958 2005 10 20 0
959 2005 10 20 0
960 2005 10 20 0
961 2005 10 20 0
962 2005 10 20 0
963 2005 10 21 0
964 2005 10 21 0
965 2005 10 21 0
966 2005 10 21 0
967 2005 10 21 0
968 2005 10 21 0
969 2005 10 22 0
970 2005 10 23 0
971 2005 10 24 0
972 2005 10 24 0
973 2005 10 24 0
974 2005 10 24 0
975 2005 10 24 0
976 2005 10 24 0
977 2005 10 25 0
978 2005 10 25 0
979 2005 10 26 0
980 2005 10 26 0
981 2005 10 26 0
982 2005 10 27 0
983 2005 10 28 0
984 2005 10 28 0
985 2005 10 28 0
986 2005 10 29 0
987 2005 10 29 0
988 2005 10 31 0
989 2005 11 01 0
990 2005 11 02 0
991 2005 11 02 0
992 2005 11 03 0
993 2005 11 03 0
994 2005 11 03 0
995 2005 11 03 0
996 2005 11 07 0
997 2005 11 07 0
998 2005 11 08 0
999 2005 11 08 36
1000 2005 11 08 0
1001 2005 11 09 0
1002 2005 11 09 0
1003 2005 11 09 0
1004 2005 11 10 0
1005 2005 11 11 0
1006 2005 11 12 0
1007 2005 11 13 0
1008 2005 11 14 0
1009 2005 11 14 0
1010 2005 11 14 0
1011 2005 11 14 0
1012 2005 11 14 0
1013 2005 11 14 0
1014 2005 11 14 0
1015 2005 11 14 0
1016 2005 11 14 0
1017 2005 11 15 0
1018 2005 11 15 0
1019 2005 11 15 0
1020 2005 11 16 0
1021 2005 11 16 0
1022 2005 11 16 0
1023 2005 11 18 0
1024 2005 11 19 0
1025 2005 11 19 0
1026 2005 11 19 0
1027 2005 11 19 0
1028 2005 11 20 0
1029 2005 11 20 0
1030 2005 11 20 0
1031 2005 11 20 0
1032 2005 11 21 0
1033 2005 11 22 0
1034 2005 11 22 4
1035 2005 11 22 0
1036 2005 11 23 0
1037 2005 11 23 0
1038 2005 11 26 1396
1039 2005 11 27 211
1040 2005 11 27 29
1041 2005 11 28 6
1042 2005 11 29 10
1043 2005 11 29 4
1044 2005 12 01 94
1045 2005 12 01 377
1046 2005 12 01 82
1047 2005 12 02 56
1048 2005 12 02 32
1049 2005 12 02 0
1050 2005 12 02 0
1051 2005 12 02 0
1052 2005 12 02 0
1053 2005 12 05 0
1054 2005 12 08 137
1055 2005 12 08 105
1056 2005 12 08 9
1057 2005 12 08 2
1058 2005 12 09 0
1059 2005 12 09 0
1060 2005 12 11 0
1061 2005 12 12 0
1062 2005 12 19 0
1063 2005 12 19 0
1064 2005 12 19 0
1065 2005 12 19 0
1066 2005 12 26 0
1067 2005 12 28 31
1068 2005 12 29 200
1069 2005 12 29 0
1070 2006 01 05 0
1071 2006 01 10 0
1072 2006 01 12 0
1073 2006 01 14 108
1074 2006 01 15 56
1075 2006 01 18 0
1076 2006 01 18 0
1077 2006 01 18 1
1078 2006 01 19 29
1079 2006 01 20 4
1080 2006 01 21 7
1081 2006 01 22 266
1082 2006 01 22 0
1083 2006 01 23 0
1084 2006 01 24 0
1085 2006 01 24 0
1086 2006 01 25 0
1087 2006 01 26 0
1088 2006 01 26 0
1089 2006 01 28 0
1090 2006 01 30 0
1091 2006 01 30 0
1092 2006 01 30 0
1093 2006 01 30 0
1094 2006 02 01 0
1095 2006 02 01 0
1096 2006 02 01 0
1097 2006 02 01 10
1098 2006 02 01 0
1099 2006 02 01 0
1100 2006 02 01 0
1101 2006 02 01 0
1102 2006 02 02 0
1103 2006 02 02 0
1104 2006 02 03 0
1105 2006 02 09 0
1106 2006 02 09 0
1107 2006 02 09 0
1108 2006 02 10 0
1109 2006 02 12 0
1110 2006 02 15 0
1111 2006 02 15 0
1112 2006 02 17 0
1113 2006 02 17 0
1114 2006 02 18 0
1115 2006 02 18 0
1116 2006 02 19 0
1117 2006 02 19 0
1118 2006 02 20 0
1119 2006 02 20 0
1120 2006 02 20 0
1121 2006 02 20 0
1122 2006 02 21 0
1123 2006 02 21 0
1124 2006 02 21 0
1125 2006 02 21 0
1126 2006 02 24 0
1127 2006 02 24 0
1128 2006 02 26 0
1129 2006 02 27 0
1130 2006 02 27 0
1131 2006 02 27 0
1132 2006 02 27 0
1133 2006 02 27 0
1134 2006 02 27 0
1135 2006 02 27 0
1136 2006 02 28 0
1137 2006 02 28 0
1138 2006 02 28 0
1139 2006 03 01 0
1140 2006 03 01 0
1141 2006 03 01 3
1142 2006 03 01 0
1143 2006 03 01 0
1144 2006 03 01 0
1145 2006 03 02 0
1146 2006 03 02 0
1147 2006 03 02 0
1148 2006 03 02 0
1149 2006 03 03 0
1150 2006 03 04 0
1151 2006 03 08 0
1152 2006 03 09 0
1153 2006 03 10 0
1154 2006 03 10 0
1155 2006 03 13 0
1156 2006 03 14 0
1157 2006 03 15 0
1158 2006 03 19 0
1159 2006 03 19 0
1160 2006 03 19 0
1161 2006 03 19 0
1162 2006 03 19 0
1163 2006 03 19 0
1164 2006 03 19 0
1165 2006 03 20 0
1166 2006 03 21 0
1167 2006 03 22 0
1168 2006 03 23 0
1169 2006 03 24 0
1170 2006 03 24 0
1171 2006 03 27 0
1172 2006 03 27 0
1173 2006 03 27 0
1174 2006 03 27 0
1175 2006 03 27 0
1176 2006 03 27 0
1177 2006 03 27 0
1178 2006 03 28 0
1179 2006 03 29 0
1180 2006 03 30 0
1181 2006 04 01 0
1182 2006 04 01 0
1183 2006 04 01 0
1184 2006 04 01 0
1185 2006 04 01 0
1186 2006 04 02 0
1187 2006 04 02 0
1188 2006 04 02 2
1189 2006 04 02 473
1190 2006 04 04 13
1191 2006 04 05 59
1192 2006 04 18 13
1193 2006 04 24 251
1194 2006 04 24 73
1195 2006 04 24 56
1196 2006 04 28 91
1197 2006 05 02 45
1198 2006 05 03 12
1199 2006 05 03 120
1200 2006 05 03 1734
1201 2006 06 27 1631
1202 2006 06 27 18
1203 2006 06 27 23
1204 2006 06 27 7
1205 2006 06 27 4258
1206 2006 06 27 2
1207 2006 06 28 2
1208 2006 06 28 1
1209 2006 07 23 9
1210 2006 07 24 0
1211 2006 07 25 6
1212 2006 07 25 96
1213 2006 07 25 138
1214 2006 07 25 0
1215 2006 07 26 39
1216 2006 07 26 203
1217 2006 07 28 0
1218 2006 07 28 3
1219 2006 08 01 0
1220 2006 08 03 128
1221 2006 08 03 92
1222 2006 08 03 37
1223 2006 08 03 44
1224 2006 08 03 0
1225 2006 08 04 0
1226 2006 08 04 0
1227 2006 08 04 36
1228 2006 08 04 57
1229 2006 08 04 11
1230 2006 08 04 93
1231 2006 08 04 14
1232 2006 08 04 123
1233 2006 08 04 47
1234 2006 08 14 2
1235 2006 08 14 3
1236 2006 08 14 130
1237 2006 08 14 25
1238 2006 08 14 56
1239 2006 08 16 0
1240 2006 08 18 141
1241 2006 08 18 23
1242 2006 08 18 221
1243 2006 08 18 3
1244 2006 08 18 1
1245 2006 08 22 1
1246 2006 08 22 3
1247 2006 08 24 305
1248 2006 08 24 0
1249 2006 08 29 67
1250 2006 08 29 18
1251 2006 08 29 18
1252 2006 08 29 311
1253 2006 08 29 24
1254 2006 08 29 25
1255 2006 08 29 4
1256 2006 08 29 2
1257 2006 08 30 9
1258 2006 08 31 19
1259 2006 09 01 12
1260 2006 09 01 15
1261 2006 09 01 1019
1262 2006 09 01 2
1263 2006 09 01 1
1264 2006 09 01 214
1265 2006 09 01 90
1266 2006 09 01 143
1267 2006 09 01 4
1268 2006 09 01 395
1269 2006 09 01 19
1270 2006 09 01 11
1271 2006 09 01 41
1272 2006 09 01 0
1273 2006 09 01 0
1274 2006 09 03 0
1275 2006 09 03 0
1276 2006 09 03 78
1277 2006 09 03 0
1278 2006 09 03 0
1279 2006 09 03 17
1280 2006 09 03 62
1281 2006 09 03 8
1282 2006 09 03 34
1283 2006 09 03 7
1284 2006 09 03 75
1285 2006 09 03 8
1286 2006 09 03 5
1287 2006 09 03 2
1288 2006 09 03 146
1289 2006 09 03 2
1290 2006 09 04 20
1291 2006 09 04 80
1292 2006 09 04 10
1293 2006 09 04 8
1294 2006 09 05 4
1295 2006 09 08 41
1296 2006 09 11 4
1297 2006 09 17 2
1298 2006 09 18 121
1299 2006 09 18 3
1300 2006 09 18 40
1301 2006 09 18 68
1302 2006 09 18 90
1303 2006 09 19 13
1304 2006 09 19 86
1305 2006 09 19 2
1306 2006 09 19 6
1307 2006 09 19 174
1308 2006 09 19 163
1309 2006 09 19 19
1310 2006 09 19 75
1311 2006 09 19 10
1312 2006 09 19 0
1313 2006 09 22 0
1314 2006 09 22 0
1315 2006 10 07 0
1316 2006 10 07 0
1317 2006 10 07 0
1318 2006 10 07 13
1319 2006 10 07 0
1320 2006 10 12 0
1321 2006 10 12 410
1322 2006 10 13 0
1323 2006 10 15 0
1324 2006 10 15 0
1325 2006 10 15 0
1326 2006 10 16 0
1327 2006 10 16 84
1328 2006 10 17 0
1329 2006 10 17 0
1330 2006 10 17 0
1331 2006 10 17 0
1332 2006 10 17 0
1333 2006 10 17 0
1334 2006 10 17 0
1335 2006 10 17 0
1336 2006 10 17 0
1337 2006 10 17 0
1338 2006 10 17 0
1339 2006 10 17 0
1340 2006 10 17 0
1341 2006 10 17 0
1342 2006 10 17 0
1343 2006 10 18 0
1344 2006 10 18 0
1345 2006 10 18 0
1346 2006 10 18 0
1347 2006 10 18 0
1348 2006 10 20 0
1349 2006 10 20 0
1350 2006 10 20 0
1351 2006 10 20 0
1352 2006 10 21 0
1353 2006 10 21 0
1354 2006 10 21 0
1355 2006 10 22 0
1356 2006 10 22 0
1357 2006 10 23 10
1358 2006 10 23 0
1359 2006 10 23 0
1360 2006 10 23 0
1361 2006 10 23 0
1362 2006 10 23 0
1363 2006 10 23 0
1364 2006 10 23 0
1365 2006 10 24 0
1366 2006 10 25 0
1367 2006 10 25 0
1368 2006 10 25 0
1369 2006 10 25 0
1370 2006 10 25 0
1371 2006 10 26 0
1372 2006 10 26 0
1373 2006 10 26 0
1374 2006 10 26 19
1375 2006 10 26 0
