#h numthreads realtime cputime
0  17539  17530  1
0  17550  17550  2
0  17529  17530  3
0  17532  17530  4
0  17548  17540  5
1  20616  20630  1
1  20633  20670  2
1  20656  20680  3
1  20590  20610  4
1  20669  20690  5
2  15377  26500  1
2  14574  25090  2
2  14751  25580  3
2  14108  24420  4
2  14865  25670  5
3  16134  39210  1
3  16054  39140  2
3  15446  37800  3
3  16003  38810  4
3  16038  39330  5
4  15109  47350  1
4  15050  47060  2
4  15066  47100  3
4  15171  47310  4
4  15046  47030  5
5  13549  50700  1
5  13677  51120  2
5  13645  51090  3
5  13621  51060  4
5  13639  51010  5
6  13157  57820  1
6  13145  57820  2
6  13127  57860  3
6  13226  57930  4
6  13183  57860  5
7  13054  65410  1
7  13054  65630  2
7  13079  65700  3
7  13051  65530  4
7  13044  65420  5
8  13380  76390  1
8  13366  76160  2
8  13395  76260  3
8  13386  76390  4
8  13378  76350  5
9  13583  87470  1
9  13751  87990  2
9  13622  87470  3
9  13683  88040  4
9  13678  87730  5
10  13960  99160  1
10  13966  99160  2
10  13944  98930  3
10  13967  99130  4
10  13948  98990  5
11  14098  111160  1
11  14093  111000  2
11  14069  110710  3
11  14068  110860  4
11  14121  110710  5
12  14625  120480  1
12  14617  120290  2
12  14577  120180  3
12  14647  120500  4
12  14617  120540  5
13  14724  127740  1
13  14680  127440  2
13  14707  127750  3
13  14701  127670  4
13  14685  127680  5
14  14641  134250  1
14  14623  134320  2
14  14584  134160  3
14  14587  133790  4
14  14587  133900  5
15  14594  141260  1
15  14551  140800  2
15  14586  141450  3
15  14565  141020  4
15  14617  141340  5
