#h numthreads realtime cputime
0  17544  17540  1
0  17632  17620  2
0  17502  17500  3
0  17525  17520  4
0  17493  17480  5
1  15914  17800  1
1  15932  17870  2
1  15877  17770  3
1  15933  17820  4
1  15893  17780  5
2  8060  17930  1
2  8073  17980  2
2  8143  18070  3
2  8064  17970  4
2  8091  17960  5
3  5732  18710  1
3  5542  18460  2
3  5507  18360  3
3  5822  19040  4
3  5554  18380  5
4  4135  18430  1
4  4204  18550  2
4  4102  18360  3
4  4170  18490  4
4  4357  18740  5
5  3544  19150  1
5  3391  18850  2
5  3494  18920  3
5  3508  18950  4
5  3367  18900  5
6  2901  19770  1
6  2887  19570  2
6  2881  19530  3
6  2949  19630  4
6  2908  19780  5
7  2961  19590  1
7  2973  19570  2
7  2953  19590  3
7  2971  19700  4
7  2954  19750  5
8  3337  20290  1
8  3297  20340  2
8  3255  20470  3
8  3333  20400  4
8  3227  20480  5
9  4017  21790  1
9  4129  22550  2
9  4043  22010  3
9  4051  22130  4
9  4034  21940  5
10  4783  28350  1
10  4695  27720  2
10  4790  28500  3
10  4936  29670  4
10  4726  27820  5
11  5217  31520  1
11  5311  32540  2
11  5472  33740  3
11  5249  31920  4
11  5394  33200  5
12  5715  37200  1
12  5641  36120  2
12  5480  34440  3
12  5638  36230  4
12  5653  36200  5
13  5802  37410  1
13  5983  39560  2
13  5930  38780  3
13  6043  40090  4
13  6181  42080  5
14  6223  41670  1
14  6121  40140  2
14  6333  42640  3
14  6323  42290  4
14  6260  42070  5
15  6747  46390  1
15  6804  47650  2
15  6674  45730  3
15  6699  45770  4
15  6729  47260  5
