#h numthreads realtime cputime
0  17539  17530  1
0  17505  17500  2
0  17540  17540  3
0  17538  17540  4
0  17512  17510  5
1  17039  19140  1
1  17237  19360  2
1  17156  19250  3
1  17159  19290  4
1  17249  19400  5
2  8898  19550  1
2  8934  19640  2
2  8920  19510  3
2  8934  19540  4
2  8953  19550  5
3  6367  20350  1
3  6377  20510  2
3  6345  20430  3
3  6451  20590  4
3  6255  20160  5
4  4870  20280  1
4  4830  20210  2
4  4861  20270  3
4  4820  20130  4
4  4756  19960  5
5  4007  20490  1
5  3992  20590  2
5  3962  20390  3
5  3933  20520  4
5  4144  21230  5
6  3460  21250  1
6  3480  21370  2
6  3423  21080  3
6  3465  21180  4
6  3473  21260  5
7  2924  21070  1
7  2973  21250  2
7  3042  21550  3
7  2958  21140  4
7  3064  21560  5
8  2681  21710  1
8  2733  21910  2
8  2651  21460  3
8  2666  21590  4
8  2635  21560  5
9  2649  24320  1
9  2512  23060  2
9  2469  22790  3
9  2466  22540  4
9  2642  23420  5
10  2561  25590  1
10  2535  25200  2
10  2623  26120  3
10  2715  26990  4
10  2672  26630  5
11  2827  30330  1
11  2682  28710  2
11  2739  29460  3
11  2652  28560  4
11  2725  29110  5
12  2816  31880  1
12  2976  33820  2
12  3002  34180  3
12  2930  33490  4
12  2760  31380  5
13  3125  37450  1
13  3273  39040  2
13  3186  38160  3
13  3117  37250  4
13  3210  38450  5
14  3213  40500  1
14  3192  40200  2
14  3194  40450  3
14  3139  39570  4
14  3106  39170  5
15  3139  42020  1
15  3261  43480  2
15  3300  44090  3
15  3201  42720  4
15  3143  42140  5
