#h numthreads realtime cputime
0  7946  7940  1
0  7937  7930  2
0  7946  7950  3
0  7936  7930  4
0  7951  7950  5
1  7963  8070  1
1  7960  8060  2
1  7919  8020  3
1  7956  8070  4
1  7952  8050  5
2  4069  8130  1
2  4061  8100  2
2  4008  8050  3
2  4062  8130  4
2  4015  8080  5
3  2692  8140  1
3  2686  8100  2
3  2746  8270  3
3  2684  8120  4
3  2683  8130  5
4  2066  8190  1
4  2131  8300  2
4  2052  8160  3
4  2097  8240  4
4  2045  8170  5
5  1634  8110  1
5  1780  8330  2
5  1661  8180  3
5  1671  8230  4
5  1648  8200  5
6  1416  8250  1
6  1405  8210  2
6  1420  8290  3
6  1419  8280  4
6  1411  8300  5
7  1200  8280  1
7  1201  8250  2
7  1186  8220  3
7  1190  8210  4
7  1188  8210  5
8  1075  8380  1
8  1068  8290  2
8  1068  8340  3
8  1061  8310  4
8  1050  8280  5
9  1009  8500  1
9  940  8310  2
9  938  8260  3
9  938  8270  4
9  951  8310  5
10  874  8350  1
10  878  8430  2
10  890  8410  3
10  878  8340  4
10  884  8400  5
11  811  8540  1
11  778  8420  2
11  791  8450  3
11  795  8540  4
11  779  8400  5
12  784  8560  1
12  781  8500  2
12  779  8520  3
12  783  8560  4
12  781  8540  5
13  670  8450  1
13  702  8520  2
13  672  8440  3
13  667  8430  4
13  676  8520  5
14  620  8420  1
14  623  8470  2
14  622  8400  3
14  632  8490  4
14  625  8430  5
15  585  8500  1
15  580  8490  2
15  589  8530  3
15  582  8410  4
15  587  8540  5
