#h numthreads realtime cputime
0  18845  18840  1
0  18856  18850  2
0  18781  18770  3
0  18762  18760  4
0  18875  18870  5
1  16941  18610  1
1  16877  18610  2
1  16853  18570  3
1  17083  18830  4
1  17099  18790  5
2  9001  18910  1
2  8597  18430  2
2  8669  18510  3
2  8904  18850  4
2  8540  18330  5
3  5984  18650  1
3  5999  18700  2
3  5988  18660  3
3  5999  18720  4
3  5990  18630  5
4  4987  19290  1
4  4943  19170  2
4  4907  19030  3
4  4952  19180  4
4  4976  19200  5
5  4201  19810  1
5  4205  19850  2
5  4135  19810  3
5  4147  19700  4
5  4191  19880  5
6  3646  19840  1
6  3672  19970  2
6  3637  19930  3
6  3645  19890  4
6  3658  19990  5
7  3335  20610  1
7  3323  20550  2
7  3263  20330  3
7  3305  20440  4
7  3262  20360  5
8  3142  21060  1
8  3165  21140  2
8  3136  21130  3
8  3148  21160  4
8  3143  21090  5
9  2996  21650  1
9  2977  21590  2
9  2974  21610  3
9  3046  21800  4
9  3000  21640  5
10  3001  22130  1
10  2989  22330  2
10  2991  22460  3
10  2982  22330  4
10  2988  22360  5
11  2766  22740  1
11  2712  22590  2
11  2713  22620  3
11  2753  22660  4
11  2781  22720  5
12  2542  22660  1
12  2497  22600  2
12  2496  22520  3
12  2533  22680  4
12  2528  22570  5
13  2419  23340  1
13  2426  23010  2
13  2419  23340  3
13  2471  23250  4
13  2404  23340  5
14  2465  23740  1
14  2482  23710  2
14  2479  23800  3
14  2480  23690  4
14  2481  23760  5
15  2541  24190  1
15  2560  24160  2
15  2561  24230  3
15  2563  24190  4
15  2540  24240  5
