#h numthreads realtime cputime
0  7995  7990  1
0  7966  7960  2
0  8014  8010  3
0  8017  8010  4
0  8020  8010  5
1  7800  7890  1
1  7798  7880  2
1  7866  7950  3
1  7831  7910  4
1  7858  7940  5
2  4016  8020  1
2  4003  8020  2
2  3967  7960  3
2  3961  7960  4
2  3969  7970  5
3  2728  8040  1
3  2738  8070  2
3  2738  8080  3
3  2740  8040  4
3  2722  8030  5
4  2243  8300  1
4  2191  8210  2
4  2182  8180  3
4  2202  8190  4
4  2185  8200  5
5  1687  8170  1
5  1690  8190  2
5  1691  8180  3
5  1689  8170  4
5  1703  8180  5
6  1479  8310  1
6  1506  8360  2
6  1495  8430  3
6  1450  8390  4
6  1440  8300  5
7  1368  8170  1
7  1352  8190  2
7  1354  8200  3
7  1356  8190  4
7  1361  8150  5
8  1148  8330  1
8  1156  8360  2
8  1161  8300  3
8  1163  8430  4
8  1136  8320  5
9  1193  8810  1
9  1122  8330  2
9  1118  8530  3
9  1104  8310  4
9  1119  8330  5
10  880  8340  1
10  881  8320  2
10  881  8300  3
10  886  8340  4
10  887  8340  5
11  866  8270  1
11  857  8230  2
11  849  8220  3
11  847  8230  4
11  847  8210  5
12  871  8330  1
12  891  8580  2
12  876  8560  3
12  878  8560  4
12  882  8460  5
13  840  8460  1
13  853  8470  2
13  838  8490  3
13  832  8430  4
13  832  8460  5
14  848  8450  1
14  858  8450  2
14  846  8460  3
14  840  8460  4
14  843  8470  5
15  646  8400  1
15  634  8360  2
15  644  8400  3
15  649  8380  4
15  639  8400  5
