#h numthreads realtime cputime
0  18944  18940  1
0  18739  18730  2
0  18741  18730  3
0  18802  18800  4
0  18827  18820  5
1  19986  20020  1
1  19829  19840  2
1  19764  19800  3
1  19779  19800  4
1  19786  19810  5
2  32533  32540  1
2  32481  32520  2
2  32440  32470  3
2  32719  32740  4
2  32693  32720  5
3  32015  32010  1
3  31902  31940  2
3  31891  31900  3
3  32110  32060  4
3  31922  31950  5
4  32027  32020  1
5  32473  32510  1
6  32117  32130  1
7  32756  32740  1
8  32649  32640  1
9  32927  32940  1
10  32697  32710  1
11  32777  32780  1
12  32594  32600  1
13  32463  32500  1
14  32453  32510  1
15  32403  32420  1
