#h numthreads realtime cputime
0  18843  18840  1
0  18718  18710  2
0  18538  18530  3
0  18692  18690  4
0  18714  18710  5
1  16789  18230  1
1  17000  18450  2
1  16861  18310  3
1  17017  18470  4
1  16805  18260  5
2  8631  18090  1
2  8463  18010  2
2  8573  18090  3
2  8637  18110  4
2  8410  17860  5
3  5574  17770  1
3  5592  17890  2
3  5598  17890  3
3  5583  17830  4
3  5582  17830  5
4  4269  17920  1
4  4296  17970  2
4  4282  17930  3
4  4258  17950  4
4  4276  18030  5
5  3409  18160  1
5  3483  18240  2
5  3416  18180  3
5  3495  18210  4
5  3441  18170  5
6  2807  17850  1
6  2867  18150  2
6  2815  17830  3
6  2820  17890  4
6  2813  17840  5
7  2468  18020  1
7  2465  18090  2
7  2479  18050  3
7  2489  18090  4
7  2463  18060  5
8  2228  17920  1
8  2224  17980  2
8  2234  17960  3
8  2218  18040  4
8  2221  17960  5
9  1955  18150  1
9  1914  18060  2
9  1995  18410  3
9  1914  18080  4
9  1945  18170  5
10  1771  18160  1
10  1765  18110  2
10  1788  18110  3
10  1774  18160  4
10  1789  18210  5
11  1587  18130  1
11  1611  18240  2
11  1640  18480  3
11  1583  18200  4
11  1592  18230  5
12  1492  17950  1
12  1497  17960  2
12  1490  17950  3
12  1508  17930  4
12  1497  18020  5
13  1418  18020  1
13  1424  17970  2
13  1433  17990  3
13  1418  18000  4
13  1436  17970  5
14  1428  18000  1
14  1432  18030  2
14  1441  18060  3
14  1444  18060  4
14  1420  17980  5
15  1430  18090  1
15  1432  18090  2
15  1424  18100  3
15  1433  18050  4
15  1431  18060  5
