#h numthreads realtime cputime
0  17906  17900  1
0  17858  17860  2
0  17826  17820  3
0  17920  17910  4
0  17868  17860  5
1  15856  17750  1
1  15842  17740  2
1  15923  17820  3
1  16231  18140  4
1  15806  17690  5
2  8141  17930  1
2  8084  17830  2
2  8100  17840  3
2  8127  17870  4
2  8228  18040  5
3  5350  17820  1
3  5375  17790  2
3  5404  17860  3
3  5367  17760  4
3  5357  17760  5
4  4011  17830  1
4  4033  17840  2
4  4020  17870  3
4  4029  17830  4
4  4019  17810  5
5  3235  17840  1
5  3227  17780  2
5  3231  17800  3
5  3232  17800  4
5  3239  17900  5
6  2728  17960  1
6  2732  17960  2
6  2749  17980  3
6  2710  17890  4
6  2737  17950  5
7  2465  18200  1
7  2352  17980  2
7  2349  18000  3
7  2350  17970  4
7  2350  18010  5
8  2103  18060  1
8  2131  18090  2
8  2090  18090  3
8  2166  18110  4
8  2114  18030  5
9  1920  18080  1
9  1913  18030  2
9  1908  18020  3
9  1948  18210  4
9  1918  18040  5
10  1931  18310  1
10  1950  18290  2
10  1942  18330  3
10  1973  18590  4
10  1951  18340  5
11  1904  18080  1
11  1908  18070  2
11  1903  18670  3
11  1895  18050  4
11  1894  18030  5
12  1898  18120  1
12  1892  18110  2
12  1896  18120  3
12  1908  18190  4
12  1908  18100  5
13  1933  19560  1
13  2025  20400  2
13  1910  19470  3
13  1911  19490  4
13  1903  19440  5
14  1889  20540  1
14  1885  20590  2
14  1899  20740  3
14  1894  20620  4
14  1896  20780  5
15  1885  21330  1
15  1881  21380  2
15  1883  21320  3
15  1885  21380  4
15  1873  21360  5
