#h numthreads realtime cputime gridsize
1  1358  2390   64
15  1099  3550   64
2  1097  2600   64
4  1070  3470   64
8  1088  3550   64
1  2670  3710   128
15  1090  5920   128
2  1318  3650   128
4  1066  3980   128
8  1090  5890   128
1  10734  11800   512
15  1242  13610   512
2  5338  11630   512
4  2610  11130   512
8  1459  11300   512
15  9002  105260   4096
1  84763  85790   4096
2  43405  87510   4096
4  21314  84010   4096
8  11666  84970   4096
0  1220  1220   8
1  1056  1370   8
15  1073  1410   8
2  1095  1420   8
4  1070  1390   8
8  1073  1390   8
0  1397  1390   16
1  1056  1680   16
15  1082  1720   16
2  1091  1710   16
4  1073  1710   16
8  1070  1700   16
0  1727  1720   32
1  1059  1830   32
15  1070  2330   32
2  1101  2320   32
4  1083  2300   32
8  1071  2320   32
0  2444  2410   64
0  3773  3770   128
0  11678  11660   512
0  86850  86840   4096
