#h numthreads realtime cputime
0  7953  7950  1
0  7935  7930  2
0  7925  7920  3
0  7931  7930  4
0  7977  7970  5
1  7819  7920  1
1  7815  7920  2
1  7811  7910  3
1  7777  7880  4
1  7822  7930  5
2  3902  7860  1
2  3908  7880  2
2  3882  7850  3
2  3909  7890  4
2  3905  7860  5
3  2823  8160  1
3  2650  7960  2
3  2801  8150  3
3  2668  7960  4
3  2649  7960  5
4  2157  8010  1
4  2166  8000  2
4  2161  8030  3
4  2144  8000  4
4  2165  7990  5
5  1735  8280  1
5  1794  8350  2
5  1747  8360  3
5  1750  8330  4
5  1768  8310  5
6  1351  7980  1
6  1493  8230  2
6  1348  7970  3
6  1348  7980  4
6  1348  7990  5
7  1343  8040  1
7  1321  8010  2
7  1331  8050  3
7  1328  8030  4
7  1322  8000  5
8  1091  8280  1
8  1087  8290  2
8  1096  8280  3
8  1156  8400  4
8  1103  8380  5
9  1085  8270  1
9  1075  8260  2
9  1087  8290  3
9  1084  8210  4
9  1086  8280  5
10  1090  8360  1
10  1086  8350  2
10  1089  8370  3
10  1095  8350  4
10  1088  8370  5
11  1036  8330  1
11  1045  8360  2
11  1047  8390  3
11  1030  8370  4
11  1049  8330  5
12  869  8360  1
12  874  8370  2
12  866  8250  3
12  878  8420  4
12  874  8400  5
13  819  8400  1
13  825  8440  2
13  824  8410  3
13  825  8410  4
13  815  8390  5
14  815  8370  1
14  819  8380  2
14  809  8350  3
14  802  8360  4
14  805  8360  5
15  793  8430  1
15  783  8450  2
15  797  8430  3
15  787  8410  4
15  798  8410  5
