#h numthreads realtime cputime index gridsize
0  1220  1210  1 8
0  1216  1220  2 8
0  1220  1220  3 8
0  1214  1210  4 8
0  1214  1210  5 8
0  1398  1400  1 16
0  1398  1390  2 16
0  1395  1390  3 16
0  1396  1400  4 16
0  1394  1390  5 16
0  1728  1720  1 32
0  1731  1730  2 32
0  1724  1720  3 32
0  1729  1730  4 32
0  1727  1730  5 32
0  2407  2410  1 64
0  2399  2400  2 64
0  2402  2400  3 64
0  2400  2390  4 64
0  2417  2410  5 64
0  3765  3750  1 128
0  3764  3760  2 128
0  3761  3760  3 128
0  3771  3770  4 128
0  3767  3760  5 128
0  6401  6400  1 256
0  6378  6370  2 256
0  6468  6470  3 256
0  6356  6350  4 256
0  6368  6370  5 256
0  11676  11670  1 512
0  11872  11870  2 512
0  11730  11720  3 512
0  11808  11800  4 512
0  11812  11810  5 512
0  22271  22270  1 1024
0  22282  22270  2 1024
0  22541  22540  3 1024
0  22509  22510  4 1024
0  22218  22210  5 1024
1  1055  1380  1 8
1  1052  1370  2 8
1  1052  1370  3 8
1  1056  1380  4 8
1  1050  1360  5 8
1  1054  1680  1 16
1  1050  1670  2 16
1  1056  1690  3 16
1  1045  1680  4 16
1  1052  1690  5 16
1  1053  1740  1 32
1  1056  1760  2 32
1  1058  1760  3 32
1  1059  1810  4 32
1  1056  1770  5 32
1  1387  2430  1 64
1  1356  2390  2 64
1  1354  2380  3 64
1  1352  2390  4 64
1  1366  2400  5 64
1  2672  3710  1 128
1  2670  3710  2 128
1  2673  3710  3 128
1  2683  3730  4 128
1  2667  3700  5 128
1  5338  6380  1 256
1  5289  6330  2 256
1  5411  6450  3 256
1  5287  6330  4 256
1  5267  6310  5 256
1  10660  11700  1 512
1  10500  11540  2 512
1  10688  11740  3 512
1  10657  11700  4 512
1  10608  11660  5 512
1  21084  22120  1 1024
1  21073  22110  2 1024
1  20994  22040  3 1024
1  20977  22010  4 1024
1  21478  22520  5 1024
2  1077  1380  1 8
2  1088  1410  2 8
2  1080  1380  3 8
2  1087  1400  4 8
2  1089  1400  5 8
2  1090  1720  1 16
2  1086  1720  2 16
2  1083  1710  3 16
2  1084  1710  4 16
2  1090  1710  5 16
2  1095  2310  1 32
2  1099  2310  2 32
2  1103  2310  3 32
2  1090  2310  4 32
2  1102  2310  5 32
2  1092  2590  1 64
2  1091  2590  2 64
2  1091  2570  3 64
2  1095  2600  4 64
2  1094  2580  5 64
2  1327  3650  1 128
2  1325  3670  2 128
2  1318  3670  3 128
2  1315  3650  4 128
2  1327  3640  5 128
2  2630  6260  1 256
2  2641  6290  2 256
2  2651  6280  3 256
2  2657  6300  4 256
2  2635  6270  5 256
2  5279  11500  1 512
2  5309  11560  2 512
2  5254  11460  3 512
2  5297  11540  4 512
2  5253  11480  5 512
2  10767  22370  1 1024
2  10730  22220  2 1024
2  10556  22020  3 1024
2  10574  22020  4 1024
2  10580  22140  5 1024
3  1066  1380  1 8
3  1072  1400  2 8
3  1072  1400  3 8
3  1070  1390  4 8
3  1066  1390  5 8
3  1073  1710  1 16
3  1070  1710  2 16
3  1073  1710  3 16
3  1052  1690  4 16
3  1074  1710  5 16
3  1077  2310  1 32
3  1082  2320  2 32
3  1078  2310  3 32
3  1077  2300  4 32
3  1085  2310  5 32
3  1070  3190  1 64
3  1075  3260  2 64
3  1072  3280  3 64
3  1065  3260  4 64
3  1068  3220  5 64
3  1061  3660  1 128
3  1070  3650  2 128
3  1064  3650  3 128
3  1064  3630  4 128
3  1072  3650  5 128
3  1792  6210  1 256
3  1762  6160  2 256
3  1753  6130  3 256
3  1766  6150  4 256
3  1771  6200  5 256
3  3491  11280  1 512
3  3482  11280  2 512
3  3498  11280  3 512
3  3504  11320  4 512
3  3508  11320  5 512
3  6958  21560  1 1024
3  6985  21610  2 1024
3  7048  21830  3 1024
3  7054  21790  4 1024
3  6984  21670  5 1024
4  1064  1370  1 8
4  1068  1390  2 8
4  1121  1440  3 8
4  1060  1390  4 8
4  1061  1380  5 8
4  1070  1700  1 16
4  1060  1690  2 16
4  1056  1660  3 16
4  1072  1710  4 16
4  1068  1700  5 16
4  1072  2290  1 32
4  1065  2280  2 32
4  1075  2300  3 32
4  1078  2300  4 32
4  1077  2300  5 32
4  1066  3470  1 64
4  1063  3450  2 64
4  1068  3460  3 64
4  1075  3460  4 64
4  1064  3450  5 64
4  1065  3970  1 128
4  1063  3980  2 128
4  1059  4000  3 128
4  1060  3990  4 128
4  1060  3980  5 128
4  1318  6100  1 256
4  1335  6130  2 256
4  1314  6020  3 256
4  1315  6030  4 256
4  1315  6030  5 256
4  2613  11160  1 512
4  2595  11080  2 512
4  2656  11190  3 512
4  2595  11080  4 512
4  2611  11140  5 512
4  5194  21190  1 1024
4  5219  21200  2 1024
4  5186  21080  3 1024
4  5267  21100  4 1024
4  5195  21210  5 1024
5  1070  1380  1 8
5  1076  1390  2 8
5  1081  1400  3 8
5  1079  1400  4 8
5  1082  1410  5 8
5  1078  1720  1 16
5  1074  1700  2 16
5  1072  1700  3 16
5  1076  1700  4 16
5  1082  1700  5 16
5  1081  2310  1 32
5  1083  2320  2 32
5  1069  2290  3 32
5  1082  2300  4 32
5  1075  2290  5 32
5  1072  3490  1 64
5  1081  3490  2 64
5  1082  3500  3 64
5  1089  3520  4 64
5  1088  3510  5 64
5  1065  4480  1 128
5  1077  4550  2 128
5  1082  4590  3 128
5  1084  4600  4 128
5  1072  4590  5 128
5  1090  6150  1 256
5  1103  6190  2 256
5  1090  6140  3 256
5  1098  6050  4 256
5  1091  6150  5 256
5  2113  11220  1 512
5  2182  11510  2 512
5  2128  11110  3 512
5  2134  11190  4 512
5  2124  11180  5 512
5  4195  21320  1 1024
5  4196  21340  2 1024
5  4205  21370  3 1024
5  4214  21300  4 1024
5  4239  21350  5 1024
6  1055  1380  1 8
6  1060  1390  2 8
6  1061  1390  3 8
6  1052  1360  4 8
6  1060  1390  5 8
6  1068  1710  1 16
6  1065  1710  2 16
6  1064  1700  3 16
6  1062  1700  4 16
6  1064  1710  5 16
6  1059  2280  1 32
6  1068  2300  2 32
6  1079  2330  3 32
6  1071  2310  4 32
6  1069  2290  5 32
6  1065  3500  1 64
6  1079  3520  2 64
6  1067  3500  3 64
6  1071  3530  4 64
6  1069  3520  5 64
6  1062  5120  1 128
6  1069  5120  2 128
6  1068  5090  3 128
6  1068  5090  4 128
6  1058  5130  5 128
6  1073  6150  1 256
6  1076  6180  2 256
6  1071  6200  3 256
6  1074  6160  4 256
6  1085  6210  5 256
6  1813  11180  1 512
6  1802  11170  2 512
6  1796  11160  3 512
6  1813  11170  4 512
6  1814  11180  5 512
6  3563  21200  1 1024
6  3428  20300  2 1024
6  3574  21170  3 1024
6  3666  21390  4 1024
6  3570  21310  5 1024
7  1088  1410  1 8
7  1064  1380  2 8
7  1082  1400  3 8
7  1073  1390  4 8
7  1084  1410  5 8
7  1078  1720  1 16
7  1082  1720  2 16
7  1083  1720  3 16
7  1093  1700  4 16
7  1075  1700  5 16
7  1079  2310  1 32
7  1075  2310  2 32
7  1074  2300  3 32
7  1123  2360  4 32
7  1081  2310  5 32
7  1088  3510  1 64
7  1084  3520  2 64
7  1085  3500  3 64
7  1086  3510  4 64
7  1087  3530  5 64
7  1087  5900  1 128
7  1081  5860  2 128
7  1086  5870  3 128
7  1091  5860  4 128
7  1080  5830  5 128
7  1085  6450  1 256
7  1082  6400  2 256
7  1104  6490  3 256
7  1088  6390  4 256
7  1108  6500  5 256
7  1574  11230  1 512
7  1581  11160  2 512
7  1591  11230  3 512
7  1599  11170  4 512
7  1595  11230  5 512
7  3159  21530  1 1024
7  3184  21450  2 1024
7  3136  21280  3 1024
7  3179  21410  4 1024
7  3109  21460  5 1024
8  1069  1400  1 8
8  1067  1410  2 8
8  1077  1400  3 8
8  1070  1400  4 8
8  1074  1410  5 8
8  1072  1710  1 16
8  1070  1700  2 16
8  1069  1710  3 16
8  1074  1720  4 16
8  1072  1730  5 16
8  1066  2300  1 32
8  1075  2310  2 32
8  1072  2330  3 32
8  1071  2320  4 32
8  1082  2340  5 32
8  1071  3500  1 64
8  1077  3510  2 64
8  1084  3540  3 64
8  1132  3580  4 64
8  1075  3500  5 64
8  1076  5890  1 128
8  1087  5920  2 128
8  1095  5800  3 128
8  1080  5900  4 128
8  1082  5870  5 128
8  1082  6910  1 256
8  1083  6870  2 256
8  1087  6880  3 256
8  1084  6870  4 256
8  1087  6920  5 256
8  1427  11180  1 512
8  1421  11250  2 512
8  1440  11250  3 512
8  1459  11290  4 512
8  1470  11300  5 512
8  2825  21430  1 1024
8  2844  21530  2 1024
8  2829  21450  3 1024
8  2852  21410  4 1024
8  2842  21490  5 1024
9  1066  1400  1 8
9  1058  1390  2 8
9  1067  1390  3 8
9  1057  1370  4 8
9  1059  1390  5 8
9  1063  1690  1 16
9  1064  1700  2 16
9  1064  1700  3 16
9  1067  1710  4 16
9  1065  1670  5 16
9  1059  2280  1 32
9  1065  2300  2 32
9  1065  2280  3 32
9  1060  2270  4 32
9  1058  2290  5 32
9  1067  3500  1 64
9  1070  3500  2 64
9  1068  3470  3 64
9  1073  3490  4 64
9  1074  3490  5 64
9  1078  5780  1 128
9  1109  5830  2 128
9  1073  5800  3 128
9  1074  5840  4 128
9  1069  5830  5 128
9  1091  7680  1 256
9  1090  7630  2 256
9  1093  7730  3 256
9  1092  7810  4 256
9  1091  7770  5 256
9  1306  11290  1 512
9  1311  11450  2 512
9  1302  11360  3 512
9  1301  11380  4 512
9  1291  11310  5 512
9  2543  21560  1 1024
9  2537  21450  2 1024
9  2562  21590  3 1024
9  2516  21560  4 1024
9  2514  21640  5 1024
10  1077  1410  1 8
10  1072  1410  2 8
10  1067  1410  3 8
10  1072  1400  4 8
10  1068  1400  5 8
10  1066  1700  1 16
10  1070  1710  2 16
10  1052  1700  3 16
10  1069  1710  4 16
10  1070  1700  5 16
10  1066  2320  1 32
10  1073  2320  2 32
10  1065  2320  3 32
10  1070  2320  4 32
10  1064  2310  5 32
10  1076  3530  1 64
10  1080  3530  2 64
10  1084  3530  3 64
10  1075  3510  4 64
10  1079  3550  5 64
10  1091  5920  1 128
10  1083  5910  2 128
10  1085  5870  3 128
10  1075  5900  4 128
10  1087  5860  5 128
11  1052  1370  1 8
11  1059  1380  2 8
11  1046  1370  3 8
11  1077  1420  4 8
11  1057  1380  5 8
11  1052  1680  1 16
11  1056  1700  2 16
11  1056  1690  3 16
11  1059  1690  4 16
11  1060  1700  5 16
11  1052  2320  1 32
11  1056  2300  2 32
11  1060  2310  3 32
11  1054  2300  4 32
11  1050  2300  5 32
11  1068  3530  1 64
11  1058  3510  2 64
11  1064  3500  3 64
11  1068  3520  4 64
11  1074  3530  5 64
11  1062  5880  1 128
11  1059  5900  2 128
11  1069  5890  3 128
11  1067  5910  4 128
11  1060  5870  5 128
11  1087  8200  1 256
11  1092  8180  2 256
11  1091  8180  3 256
11  1094  8270  4 256
11  1094  8240  5 256
11  1202  11950  1 512
11  1204  11960  2 512
11  1199  11750  3 512
11  1200  11760  4 512
11  1206  11970  5 512
11  2320  22820  1 1024
11  2304  22410  2 1024
11  2279  22450  3 1024
11  2280  22670  4 1024
11  2265  22330  5 1024
12  1072  1410  1 8
12  1083  1420  2 8
12  1081  1410  3 8
12  1083  1410  4 8
12  1083  1420  5 8
12  1078  1730  1 16
12  1081  1730  2 16
12  1082  1730  3 16
12  1079  1740  4 16
12  1079  1740  5 16
12  1073  2340  1 32
12  1090  2380  2 32
12  1080  2350  3 32
12  1085  2340  4 32
12  1084  2360  5 32
12  1086  3600  1 64
12  1089  3600  2 64
12  1089  3570  3 64
12  1083  3600  4 64
12  1090  3590  5 64
12  1092  6020  1 128
12  1086  5990  2 128
12  1095  6000  3 128
12  1102  6010  4 128
12  1091  6000  5 128
12  1124  9010  1 256
12  1120  8990  2 256
12  1127  9030  3 256
12  1129  8900  4 256
12  1120  8960  5 256
12  1210  11960  1 512
12  1205  11830  2 512
12  1207  11820  3 512
12  1202  11870  4 512
12  1216  12060  5 512
12  2216  23230  1 1024
12  2272  23570  2 1024
12  2265  23420  3 1024
12  2287  23830  4 1024
12  2230  23180  5 1024
13  1055  1380  1 8
13  1064  1390  2 8
13  1064  1380  3 8
13  1059  1390  4 8
13  1066  1390  5 8
13  1057  1700  1 16
13  1062  1700  2 16
13  1063  1690  3 16
13  1062  1710  4 16
13  1063  1710  5 16
13  1058  2280  1 32
13  1069  2320  2 32
13  1067  2300  3 32
13  1066  2290  4 32
13  1065  2300  5 32
13  1078  3520  1 64
13  1073  3500  2 64
13  1071  3490  3 64
13  1068  3500  4 64
13  1067  3510  5 64
13  1059  5830  1 128
13  1073  5850  2 128
13  1073  5840  3 128
13  1070  5850  4 128
13  1059  5830  5 128
13  1093  8900  1 256
13  1101  8920  2 256
13  1102  8910  3 256
13  1106  8910  4 256
13  1094  8770  5 256
13  1174  11950  1 512
13  1187  11890  2 512
13  1181  11870  3 512
13  1190  11920  4 512
13  1182  11970  5 512
13  2228  24040  1 1024
13  2194  24100  2 1024
13  2201  23730  3 1024
13  2181  23670  4 1024
13  2208  24080  5 1024
14  1067  1390  1 8
14  1063  1390  2 8
14  1058  1410  3 8
14  1085  1400  4 8
14  1051  1370  5 8
14  1054  1690  1 16
14  1062  1690  2 16
14  1061  1700  3 16
14  1061  1700  4 16
14  1062  1700  5 16
14  1066  2320  1 32
14  1057  2310  2 32
14  1075  2330  3 32
14  1086  2340  4 32
14  1059  2310  5 32
14  1075  3540  1 64
14  1076  3550  2 64
14  1073  3540  3 64
14  1073  3530  4 64
14  1069  3520  5 64
14  1063  5910  1 128
14  1067  5940  2 128
14  1080  5910  3 128
14  1063  5920  4 128
14  1065  5920  5 128
14  1115  9450  1 256
14  1105  9400  2 256
14  1082  9290  3 256
14  1104  9390  4 256
14  1110  9440  5 256
14  1215  12810  1 512
14  1224  12880  2 512
14  1207  12690  3 512
14  1202  12700  4 512
14  1208  12580  5 512
14  2218  25610  1 1024
14  2243  25450  2 1024
14  2204  25520  3 1024
14  2227  25320  4 1024
14  2226  25510  5 1024
15  1081  1400  1 8
15  1074  1400  2 8
15  1080  1410  3 8
15  1071  1400  4 8
15  1080  1420  5 8
15  1070  1700  1 16
15  1087  1720  2 16
15  1085  1720  3 16
15  1081  1730  4 16
15  1072  1700  5 16
15  1067  2310  1 32
15  1077  2320  2 32
15  1078  2320  3 32
15  1080  2320  4 32
15  1080  2320  5 32
15  1091  3530  1 64
15  1088  3530  2 64
15  1084  3530  3 64
15  1083  3540  4 64
15  1082  3550  5 64
15  1080  5890  1 128
15  1097  5910  2 128
15  1095  5880  3 128
15  1086  5920  4 128
15  1097  5890  5 128
15  1137  10100  1 256
15  1138  10050  2 256
15  1276  9730  3 256
15  1138  10120  4 256
15  1125  10100  5 256
15  1244  13690  1 512
15  1259  13610  2 512
15  1254  13640  3 512
15  1273  13680  4 512
15  1279  13720  5 512
15  2334  27760  1 1024
15  2351  27610  2 1024
15  2349  27890  3 1024
15  2343  27740  4 1024
15  2364  27420  5 1024
