#h numthreads realtime cputime
0  17874  17860  1
0  17957  17960  2
0  17890  17890  3
0  17960  17970  4
0  17896  17890  5
1  19592  19610  1
1  19471  19500  2
1  19528  19560  3
1  19505  19540  4
1  19490  19510  5
2  33339  33370  1
2  33140  33160  2
2  33031  33060  3
2  33042  33080  4
2  33018  33050  5
3  32659  32690  1
3  32775  32800  2
3  32685  32720  3
3  32689  32720  4
3  32733  32730  5
4  32867  32920  1
5  32474  32500  1
6  32884  32910  1
7  32974  33020  1
8  33063  33120  1
9  32882  32930  1
10  34190  34230  1
11  32973  33020  1
12  33222  33260  1
13  33481  33510  1
14  33092  33110  1
15  33518  33550  1
