#h numthreads realtime cputime
0  18005  18000  1
0  17937  17930  2
0  17933  17930  3
0  18043  18040  4
0  17827  17830  5
1  16039  18160  1
1  16021  18140  2
1  16081  18180  3
1  16037  18180  4
1  16079  18210  5
2  8374  18470  1
2  8447  18650  2
2  8325  18420  3
2  8385  18490  4
2  8352  18450  5
3  5908  18630  1
3  5935  18690  2
3  6031  18920  3
3  5918  18710  4
3  5983  18900  5
4  4725  19190  1
4  4751  19130  2
4  4756  19250  3
4  4757  19220  4
4  4718  19120  5
5  4191  19800  1
5  4201  19820  2
5  4201  19780  3
5  4200  19790  4
5  4262  19900  5
6  3602  19790  1
6  3664  20110  2
6  3640  19970  3
6  3602  19860  4
6  3599  19790  5
7  3300  20300  1
7  3301  20230  2
7  3302  20250  3
7  3317  20360  4
7  3300  20240  5
8  3152  20950  1
8  3094  20740  2
8  3160  21020  3
8  3125  20840  4
8  3170  20980  5
9  2990  21540  1
9  3025  21570  2
9  2993  21370  3
9  2996  21380  4
9  3002  21420  5
10  3012  22600  1
10  3009  22340  2
10  2993  22370  3
10  3010  22300  4
10  3009  22410  5
11  2790  22410  1
11  2797  22370  2
11  2828  22430  3
11  2823  22440  4
11  2805  22320  5
12  2674  22650  1
12  2686  22780  2
12  2655  22720  3
12  2678  22730  4
12  2653  22630  5
13  2711  23350  1
13  2704  23370  2
13  2683  23250  3
13  2697  23330  4
13  2921  23970  5
14  2713  23740  1
14  2739  23810  2
14  2711  23730  3
14  2703  23760  4
14  2733  23860  5
15  2651  23830  1
15  2661  23920  2
15  2669  24100  3
15  2648  23870  4
15  2617  23830  5
